nScooters 	= 17;
nEmployees 	= 3;
dummy 	= 4;
TravelTime 	= [|0, 36, 88, 127, 186, 216, 229, 222, 187, 213, 253, 271, 223, 172, 114, 72, 42, 440, 355, 115, 296, 154, 115
|36, 0, 52, 91, 150, 181, 198, 197, 166, 194, 238, 260, 217, 170, 117, 87, 78, 423, 357, 81, 261, 187, 116
|88, 52, 0, 40, 99, 132, 160, 167, 146, 178, 226, 254, 221, 183, 140, 126, 130, 403, 368, 40, 212, 236, 133
|127, 91, 40, 0, 60, 93, 130, 146, 134, 167, 216, 249, 223, 194, 160, 156, 168, 384, 373, 30, 173, 272, 162
|186, 150, 99, 60, 0, 40, 103, 134, 142, 172, 219, 256, 244, 226, 204, 209, 227, 367, 392, 77, 117, 328, 210
|216, 181, 132, 93, 40, 0, 74, 112, 132, 158, 202, 241, 237, 228, 217, 230, 256, 336, 381, 102, 81, 351, 249
|229, 198, 160, 130, 103, 74, 0, 44, 79, 95, 133, 172, 179, 184, 191, 219, 264, 265, 315, 121, 104, 340, 291
|222, 197, 167, 146, 134, 112, 44, 0, 45, 52, 91, 130, 137, 147, 164, 199, 253, 240, 272, 128, 145, 317, 300
|187, 166, 146, 134, 142, 132, 79, 45, 0, 33, 82, 116, 105, 105, 120, 157, 214, 259, 251, 110, 182, 273, 275
|213, 194, 178, 167, 172, 158, 95, 52, 33, 0, 50, 85, 85, 102, 132, 175, 237, 229, 223, 143, 197, 284, 306
|253, 238, 226, 216, 219, 202, 133, 91, 82, 50, 0, 40, 70, 112, 158, 205, 272, 188, 183, 192, 230, 304, 352
|271, 260, 254, 249, 256, 241, 172, 130, 116, 85, 40, 0, 58, 111, 166, 215, 285, 180, 144, 223, 269, 301, 375
|223, 217, 221, 223, 244, 237, 179, 137, 105, 85, 70, 58, 0, 55, 113, 162, 232, 238, 150, 195, 282, 243, 332
|172, 170, 183, 194, 226, 228, 184, 147, 105, 102, 112, 111, 55, 0, 59, 108, 178, 291, 188, 165, 286, 193, 284
|114, 117, 140, 160, 204, 217, 191, 164, 120, 132, 158, 166, 113, 59, 0, 50, 120, 343, 242, 133, 286, 154, 227
|72, 87, 126, 156, 209, 230, 219, 199, 157, 175, 205, 215, 162, 108, 50, 0, 71, 392, 286, 133, 305, 123, 186
|42, 78, 130, 168, 227, 256, 264, 253, 214, 237, 272, 285, 232, 178, 120, 71, 0, 0, 0, 0, 0, 0, 0
|440, 423, 403, 384, 367, 336, 265, 240, 259, 229, 188, 180, 238, 291, 343, 392, 0, 0, 0, 0, 0, 0, 0
|355, 357, 368, 373, 392, 381, 315, 272, 251, 223, 183, 144, 150, 188, 242, 286, 0, 0, 0, 0, 0, 0, 0
|115, 81, 40, 30, 77, 102, 121, 128, 110, 143, 192, 223, 195, 165, 133, 133, 0, 0, 0, 0, 0, 0, 0
|296, 261, 212, 173, 117, 81, 104, 145, 182, 197, 230, 269, 282, 286, 286, 305, 0, 0, 0, 0, 0, 0, 0
|154, 187, 236, 272, 328, 351, 340, 317, 273, 284, 304, 301, 243, 193, 154, 123, 0, 0, 0, 0, 0, 0, 0
|115, 116, 133, 162, 210, 249, 291, 300, 275, 306, 352, 375, 332, 284, 227, 186, 0, 0, 0, 0, 0, 0, 0
|];
Priority = [18, 43, 24, 16, 19, 35, 37, 16, 22, 26, 47, 34, 10, 6, 8, 44, 15];
Payment = [66, 66, 96, 71, 60, 84, 77, 92, 75, 57, 64, 67, 77, 61, 80, 83, 63];
MinNumScooters = [4, 3, 4];
MaxNumScooters = [6, 13, 12];
MaxTime = [1014, 1465, 1206];
alpha = 7;
beta = 1;
gamma = 13;
