nScooters 	= 31;
nEmployees 	= 4;
dummy 	= 5;
TravelTime 	= [|0, 19, 5, 28, 51, 32, 43, 33, 10, 785, 769, 743, 782, 777, 785, 779, 748, 731, 537, 541, 571, 560, 518, 558, 571, 520, 553, 530, 521, 526, 551, 569, 16, 581, 525, 397, 394, 392, 404
|19, 0, 17, 21, 42, 19, 26, 24, 12, 777, 761, 735, 774, 769, 777, 771, 740, 724, 520, 524, 554, 543, 501, 541, 554, 503, 559, 537, 527, 533, 556, 553, 3, 565, 511, 390, 387, 386, 398
|5, 17, 0, 30, 46, 32, 39, 35, 6, 780, 764, 738, 777, 772, 780, 774, 743, 726, 533, 537, 567, 556, 514, 554, 567, 516, 550, 527, 517, 523, 547, 564, 14, 576, 521, 392, 389, 387, 399
|28, 21, 30, 0, 62, 8, 41, 6, 27, 796, 780, 754, 793, 788, 796, 790, 759, 743, 530, 532, 564, 552, 511, 549, 562, 512, 578, 556, 546, 552, 576, 563, 22, 576, 524, 410, 406, 405, 417
|51, 42, 46, 62, 0, 58, 29, 64, 43, 735, 719, 694, 733, 728, 736, 729, 699, 682, 492, 498, 527, 516, 474, 514, 527, 476, 527, 505, 495, 503, 524, 523, 42, 533, 477, 348, 345, 344, 356
|32, 19, 32, 8, 58, 0, 34, 6, 29, 790, 774, 749, 787, 783, 790, 784, 754, 737, 522, 524, 556, 544, 503, 541, 554, 504, 578, 556, 546, 552, 575, 555, 22, 568, 516, 404, 401, 400, 412
|43, 26, 39, 41, 29, 34, 0, 40, 34, 756, 740, 715, 753, 749, 756, 750, 720, 703, 495, 499, 529, 518, 476, 516, 528, 478, 555, 533, 523, 530, 552, 527, 28, 540, 486, 370, 367, 367, 378
|33, 24, 35, 6, 64, 6, 40, 0, 32, 795, 780, 754, 793, 788, 796, 790, 759, 743, 526, 528, 560, 548, 507, 545, 558, 509, 582, 560, 550, 556, 580, 560, 26, 573, 521, 410, 406, 406, 417
|10, 12, 6, 27, 43, 29, 34, 32, 0, 777, 761, 735, 775, 769, 778, 771, 741, 724, 528, 532, 562, 551, 509, 549, 562, 511, 551, 529, 519, 525, 549, 560, 9, 571, 516, 390, 387, 385, 397
|785, 777, 780, 796, 735, 790, 756, 795, 777, 0, 17, 46, 9, 20, 4, 8, 39, 57, 499, 536, 498, 506, 506, 526, 525, 508, 547, 560, 553, 590, 539, 462, 777, 432, 397, 388, 392, 397, 382
|769, 761, 764, 780, 719, 774, 740, 780, 761, 17, 0, 30, 20, 16, 17, 10, 22, 40, 491, 528, 491, 499, 497, 519, 518, 499, 533, 545, 538, 575, 525, 455, 761, 425, 388, 372, 376, 380, 366
|743, 735, 738, 754, 694, 749, 715, 754, 735, 46, 30, 0, 48, 34, 45, 39, 10, 12, 482, 520, 483, 491, 487, 511, 510, 489, 506, 517, 510, 547, 497, 447, 735, 418, 376, 346, 350, 353, 340
|782, 774, 777, 793, 733, 787, 753, 793, 775, 9, 20, 48, 0, 28, 13, 14, 40, 58, 491, 529, 490, 498, 499, 519, 517, 501, 552, 564, 557, 594, 544, 454, 774, 424, 390, 386, 390, 395, 381
|777, 769, 772, 788, 728, 783, 749, 788, 769, 20, 16, 34, 28, 0, 17, 15, 30, 46, 506, 543, 506, 514, 512, 534, 533, 514, 529, 541, 535, 572, 521, 470, 769, 440, 402, 380, 384, 387, 374
|785, 777, 780, 796, 736, 790, 756, 796, 778, 4, 17, 45, 13, 17, 0, 7, 38, 56, 502, 539, 501, 509, 509, 529, 528, 511, 545, 558, 551, 588, 537, 465, 777, 435, 400, 389, 392, 397, 383
|779, 771, 774, 790, 729, 784, 750, 790, 771, 8, 10, 39, 14, 15, 7, 0, 32, 50, 497, 535, 497, 505, 504, 525, 524, 506, 540, 553, 546, 583, 532, 461, 771, 431, 395, 382, 386, 390, 376
|748, 740, 743, 759, 699, 754, 720, 759, 741, 39, 22, 10, 40, 30, 38, 32, 0, 19, 480, 518, 481, 489, 486, 509, 508, 488, 515, 526, 519, 556, 506, 445, 740, 415, 375, 351, 355, 359, 345
|731, 724, 726, 743, 682, 737, 703, 743, 724, 57, 40, 12, 58, 46, 56, 50, 19, 0, 475, 513, 477, 484, 480, 504, 504, 482, 497, 508, 501, 538, 489, 441, 724, 411, 368, 335, 338, 342, 328
|537, 520, 533, 530, 492, 522, 495, 526, 528, 499, 491, 482, 491, 506, 502, 497, 480, 475, 0, 39, 35, 25, 20, 36, 45, 19, 723, 717, 705, 736, 716, 46, 522, 75, 111, 353, 355, 375, 363
|541, 524, 537, 532, 498, 524, 499, 528, 532, 536, 528, 520, 529, 543, 539, 535, 518, 513, 39, 0, 48, 35, 41, 20, 32, 38, 754, 747, 735, 765, 747, 78, 526, 109, 149, 383, 385, 405, 393
|571, 554, 567, 564, 527, 556, 529, 560, 562, 498, 491, 483, 490, 506, 501, 497, 481, 477, 35, 48, 0, 14, 54, 31, 27, 52, 748, 742, 730, 762, 740, 37, 556, 67, 125, 378, 380, 401, 388
|560, 543, 556, 552, 516, 544, 518, 548, 551, 506, 499, 491, 498, 514, 509, 505, 489, 484, 25, 35, 14, 0, 43, 21, 22, 41, 746, 740, 728, 759, 738, 45, 545, 76, 127, 375, 378, 398, 385
|518, 501, 514, 511, 474, 503, 476, 507, 509, 506, 497, 487, 499, 512, 509, 504, 486, 480, 20, 41, 54, 43, 0, 47, 58, 3, 714, 707, 695, 725, 707, 63, 503, 90, 113, 343, 345, 366, 353
|558, 541, 554, 549, 514, 541, 516, 545, 549, 526, 519, 511, 519, 534, 529, 525, 509, 504, 36, 20, 31, 21, 47, 0, 14, 44, 759, 752, 740, 771, 751, 65, 543, 96, 145, 388, 390, 411, 398
|571, 554, 567, 562, 527, 554, 528, 558, 562, 525, 518, 510, 517, 533, 528, 524, 508, 504, 45, 32, 27, 22, 58, 14, 0, 56, 767, 761, 749, 780, 760, 64, 556, 94, 149, 397, 399, 419, 406
|520, 503, 516, 512, 476, 504, 478, 509, 511, 508, 499, 489, 501, 514, 511, 506, 488, 482, 19, 38, 52, 41, 3, 44, 56, 0, 717, 710, 698, 728, 710, 63, 505, 90, 115, 346, 348, 368, 356
|553, 559, 550, 578, 527, 578, 555, 582, 551, 547, 533, 506, 552, 529, 545, 540, 515, 497, 723, 754, 748, 746, 714, 759, 767, 717, 0, 26, 33, 51, 9, 719, 557, 705, 629, 372, 370, 349, 361
|530, 537, 527, 556, 505, 556, 533, 560, 529, 560, 545, 517, 564, 541, 558, 553, 526, 508, 717, 747, 742, 740, 707, 752, 761, 710, 26, 0, 13, 31, 29, 714, 535, 701, 624, 365, 363, 342, 355
|521, 527, 517, 546, 495, 546, 523, 550, 519, 553, 538, 510, 557, 535, 551, 546, 519, 501, 705, 735, 730, 728, 695, 740, 749, 698, 33, 13, 0, 38, 33, 702, 525, 689, 612, 353, 351, 330, 343
|526, 533, 523, 552, 503, 552, 530, 556, 525, 590, 575, 547, 594, 572, 588, 583, 556, 538, 736, 765, 762, 759, 725, 771, 780, 728, 51, 31, 38, 0, 56, 735, 531, 722, 645, 384, 382, 361, 375
|551, 556, 547, 576, 524, 575, 552, 580, 549, 539, 525, 497, 544, 521, 537, 532, 506, 489, 716, 747, 740, 738, 707, 751, 760, 710, 9, 29, 33, 56, 0, 0, 0, 0, 0, 0, 0, 0, 0
|569, 553, 564, 563, 523, 555, 527, 560, 560, 462, 455, 447, 454, 470, 465, 461, 445, 441, 46, 78, 37, 45, 63, 65, 64, 63, 719, 714, 702, 735, 0, 0, 0, 0, 0, 0, 0, 0, 0
|16, 3, 14, 22, 42, 22, 28, 26, 9, 777, 761, 735, 774, 769, 777, 771, 740, 724, 522, 526, 556, 545, 503, 543, 556, 505, 557, 535, 525, 531, 0, 0, 0, 0, 0, 0, 0, 0, 0
|581, 565, 576, 576, 533, 568, 540, 573, 571, 432, 425, 418, 424, 440, 435, 431, 415, 411, 75, 109, 67, 76, 90, 96, 94, 90, 705, 701, 689, 722, 0, 0, 0, 0, 0, 0, 0, 0, 0
|525, 511, 521, 524, 477, 516, 486, 521, 516, 397, 388, 376, 390, 402, 400, 395, 375, 368, 111, 149, 125, 127, 113, 145, 149, 115, 629, 624, 612, 645, 0, 0, 0, 0, 0, 0, 0, 0, 0
|397, 390, 392, 410, 348, 404, 370, 410, 390, 388, 372, 346, 386, 380, 389, 382, 351, 335, 353, 383, 378, 375, 343, 388, 397, 346, 372, 365, 353, 384, 0, 0, 0, 0, 0, 0, 0, 0, 0
|394, 387, 389, 406, 345, 401, 367, 406, 387, 392, 376, 350, 390, 384, 392, 386, 355, 338, 355, 385, 380, 378, 345, 390, 399, 348, 370, 363, 351, 382, 0, 0, 0, 0, 0, 0, 0, 0, 0
|392, 386, 387, 405, 344, 400, 367, 406, 385, 397, 380, 353, 395, 387, 397, 390, 359, 342, 375, 405, 401, 398, 366, 411, 419, 368, 349, 342, 330, 361, 0, 0, 0, 0, 0, 0, 0, 0, 0
|404, 398, 399, 417, 356, 412, 378, 417, 397, 382, 366, 340, 381, 374, 383, 376, 345, 328, 363, 393, 388, 385, 353, 398, 406, 356, 361, 355, 343, 375, 0, 0, 0, 0, 0, 0, 0, 0, 0
|];
Priority = [6, 1, 7, 9, 18, 16, 6, 4, 19, 18, 13, 10, 12, 18, 12, 17, 6, 10, 9, 1, 13, 0, 1, 11, 9, 10, 13, 17, 1, 4, 1];
Payment = [69, 12, 51, 35, 44, 58, 47, 83, 86, 50, 60, 43, 90, 95, 70, 60, 70, 41, 58, 37, 62, 16, 17, 78, 34, 79, 37, 22, 61, 48, 25];
MinNumScooters = [2, 3, 3, 2];
MaxNumScooters = [13, 7, 12, 13];
MaxTime = [1180, 1325, 1673, 646];
alpha = 7;
beta = 1;
gamma = 13;
