nScooters 	= 35;
nEmployees 	= 3;
dummy 	= 4;
TravelTime 	= [|0, 28, 46, 54, 41, 59, 9, 14, 159, 163, 184, 165, 136, 167, 182, 138, 115, 107, 151, 134, 132, 130, 162, 126, 130, 123, 96, 158, 115, 118, 153, 150, 153, 176, 151, 404, 141, 275, 187, 279, 243
|28, 0, 22, 35, 20, 39, 29, 35, 187, 190, 212, 192, 163, 194, 209, 166, 125, 118, 164, 148, 144, 134, 170, 137, 132, 135, 110, 165, 128, 128, 180, 178, 180, 204, 179, 378, 123, 248, 206, 283, 222
|46, 22, 0, 45, 8, 47, 49, 55, 203, 207, 228, 210, 180, 212, 226, 181, 144, 138, 184, 169, 165, 152, 190, 157, 150, 155, 130, 184, 148, 148, 195, 194, 198, 220, 193, 367, 127, 230, 227, 300, 222
|54, 35, 45, 0, 49, 5, 49, 52, 206, 206, 231, 207, 181, 206, 225, 187, 109, 104, 149, 138, 131, 111, 151, 121, 108, 121, 100, 144, 117, 113, 201, 195, 194, 222, 201, 355, 89, 241, 200, 257, 189
|41, 20, 8, 49, 0, 51, 45, 52, 196, 201, 221, 204, 174, 207, 220, 174, 144, 137, 183, 168, 164, 153, 190, 156, 151, 155, 129, 184, 147, 148, 188, 188, 192, 214, 186, 374, 133, 236, 224, 302, 229
|59, 39, 47, 5, 51, 0, 54, 57, 211, 211, 236, 212, 186, 211, 230, 192, 111, 107, 152, 141, 134, 113, 153, 124, 109, 124, 103, 146, 120, 116, 206, 200, 199, 227, 206, 350, 85, 237, 203, 258, 185
|9, 29, 49, 49, 45, 54, 0, 7, 160, 163, 185, 164, 136, 166, 182, 140, 107, 99, 144, 126, 124, 121, 154, 118, 121, 116, 89, 149, 107, 110, 154, 150, 152, 177, 153, 402, 134, 276, 181, 271, 237
|14, 35, 55, 52, 52, 57, 7, 0, 155, 157, 180, 158, 131, 160, 176, 135, 101, 93, 137, 120, 118, 117, 148, 112, 117, 109, 82, 144, 101, 104, 150, 145, 146, 172, 149, 406, 135, 283, 174, 266, 238
|159, 187, 203, 206, 196, 211, 160, 155, 0, 22, 26, 31, 27, 46, 31, 23, 174, 166, 175, 157, 168, 203, 202, 173, 209, 168, 153, 205, 157, 172, 12, 18, 36, 19, 19, 560, 278, 432, 149, 310, 381
|163, 190, 207, 206, 201, 211, 163, 157, 22, 0, 30, 9, 28, 24, 20, 38, 163, 155, 160, 142, 154, 191, 187, 160, 198, 155, 144, 190, 145, 160, 32, 15, 18, 21, 40, 559, 273, 437, 129, 292, 375
|184, 212, 228, 231, 221, 236, 185, 180, 26, 30, 0, 36, 50, 49, 19, 48, 192, 185, 189, 171, 183, 221, 216, 190, 227, 185, 173, 219, 175, 189, 35, 37, 47, 10, 39, 584, 300, 457, 155, 319, 403
|165, 192, 210, 207, 204, 212, 164, 158, 31, 9, 36, 0, 33, 15, 21, 45, 159, 152, 154, 137, 149, 187, 181, 156, 194, 151, 140, 184, 141, 156, 41, 21, 14, 27, 48, 559, 271, 439, 121, 285, 372
|136, 163, 180, 181, 174, 186, 136, 131, 27, 28, 50, 33, 0, 42, 47, 21, 148, 140, 152, 132, 143, 177, 178, 148, 183, 143, 127, 180, 132, 146, 28, 15, 26, 42, 32, 535, 251, 410, 133, 289, 354
|167, 194, 212, 206, 207, 211, 166, 160, 46, 24, 49, 15, 42, 0, 32, 58, 151, 144, 142, 126, 139, 179, 170, 146, 185, 142, 133, 174, 133, 147, 55, 34, 17, 41, 62, 556, 267, 442, 107, 271, 367
|182, 209, 226, 225, 220, 230, 182, 176, 31, 20, 19, 21, 47, 32, 0, 52, 179, 172, 173, 157, 169, 208, 200, 176, 214, 171, 161, 204, 162, 176, 42, 32, 34, 14, 48, 578, 291, 456, 137, 302, 393
|138, 166, 181, 187, 174, 192, 140, 135, 23, 38, 48, 45, 21, 58, 52, 0, 165, 156, 170, 151, 161, 193, 196, 165, 198, 160, 142, 198, 149, 162, 15, 25, 44, 42, 15, 541, 261, 410, 153, 309, 365
|115, 125, 144, 109, 144, 111, 107, 101, 174, 163, 192, 159, 148, 151, 179, 165, 0, 10, 42, 34, 24, 29, 48, 13, 35, 14, 25, 44, 19, 6, 175, 158, 146, 183, 179, 421, 128, 341, 99, 167, 220
|107, 118, 138, 104, 137, 107, 99, 93, 166, 155, 185, 152, 140, 144, 172, 156, 10, 0, 47, 35, 28, 38, 56, 20, 43, 18, 15, 53, 15, 12, 167, 150, 139, 175, 170, 423, 130, 339, 100, 176, 225
|151, 164, 184, 149, 183, 152, 144, 137, 175, 160, 189, 154, 152, 142, 173, 170, 42, 47, 0, 22, 20, 53, 28, 29, 61, 29, 56, 33, 37, 37, 178, 158, 142, 180, 183, 452, 162, 381, 65, 142, 247
|134, 148, 169, 138, 168, 141, 126, 120, 157, 142, 171, 137, 132, 126, 157, 151, 34, 35, 22, 0, 14, 57, 46, 24, 64, 21, 39, 49, 21, 29, 159, 140, 125, 162, 164, 454, 161, 373, 65, 163, 252
|132, 144, 165, 131, 164, 134, 124, 118, 168, 154, 183, 149, 143, 139, 169, 161, 24, 28, 20, 14, 0, 44, 37, 12, 51, 10, 36, 38, 18, 19, 170, 151, 137, 174, 174, 442, 150, 364, 76, 157, 239
|130, 134, 152, 111, 153, 113, 121, 117, 203, 191, 221, 187, 177, 179, 208, 193, 29, 38, 53, 57, 44, 0, 43, 34, 8, 38, 52, 35, 47, 32, 203, 186, 175, 211, 207, 400, 109, 332, 117, 150, 196
|162, 170, 190, 151, 190, 153, 154, 148, 202, 187, 216, 181, 178, 170, 200, 196, 48, 56, 28, 46, 37, 43, 0, 38, 49, 42, 69, 9, 53, 45, 205, 185, 170, 207, 209, 434, 148, 373, 87, 121, 226
|126, 137, 157, 121, 156, 124, 118, 112, 173, 160, 190, 156, 148, 146, 176, 165, 13, 20, 29, 24, 12, 34, 38, 0, 41, 5, 32, 36, 17, 9, 175, 156, 143, 180, 179, 431, 138, 354, 87, 159, 229
|130, 132, 150, 108, 151, 109, 121, 117, 209, 198, 227, 194, 183, 185, 214, 198, 35, 43, 61, 64, 51, 8, 49, 41, 0, 45, 57, 41, 53, 39, 209, 193, 181, 218, 212, 392, 102, 325, 125, 151, 188
|123, 135, 155, 121, 155, 124, 116, 109, 168, 155, 185, 151, 143, 142, 171, 160, 14, 18, 29, 21, 10, 38, 42, 5, 45, 0, 28, 41, 12, 9, 170, 151, 138, 175, 174, 434, 141, 354, 85, 163, 232
|96, 110, 130, 100, 129, 103, 89, 82, 153, 144, 173, 140, 127, 133, 161, 142, 25, 15, 56, 39, 36, 52, 69, 32, 57, 28, 0, 67, 19, 25, 153, 137, 127, 163, 156, 429, 136, 338, 101, 190, 234
|158, 165, 184, 144, 184, 146, 149, 144, 205, 190, 219, 184, 180, 174, 204, 198, 44, 53, 33, 49, 38, 35, 9, 36, 41, 41, 67, 0, 52, 42, 207, 188, 173, 210, 211, 426, 140, 365, 94, 123, 218
|115, 128, 148, 117, 147, 120, 107, 101, 157, 145, 175, 141, 132, 133, 162, 149, 19, 15, 37, 21, 18, 47, 53, 17, 53, 12, 19, 52, 0, 15, 159, 141, 129, 165, 162, 438, 144, 353, 85, 174, 238
|118, 128, 148, 113, 148, 116, 110, 104, 172, 160, 189, 156, 146, 147, 176, 162, 6, 12, 37, 29, 19, 32, 45, 9, 39, 9, 25, 42, 15, 0, 173, 155, 143, 180, 177, 426, 133, 346, 94, 165, 225
|153, 180, 195, 201, 188, 206, 154, 150, 12, 32, 35, 41, 28, 55, 42, 15, 175, 167, 178, 159, 170, 203, 205, 175, 209, 170, 153, 207, 159, 173, 0, 24, 43, 30, 8, 555, 275, 423, 156, 315, 378
|150, 178, 194, 195, 188, 200, 150, 145, 18, 15, 37, 21, 15, 34, 32, 25, 158, 150, 158, 140, 151, 186, 185, 156, 193, 151, 137, 188, 141, 155, 24, 0, 20, 28, 30, 549, 264, 424, 133, 293, 366
|153, 180, 198, 194, 192, 199, 152, 146, 36, 18, 47, 14, 26, 17, 34, 44, 146, 139, 142, 125, 137, 175, 170, 143, 181, 138, 127, 173, 129, 143, 43, 20, 0, 38, 50, 546, 258, 428, 114, 276, 359
|176, 204, 220, 222, 214, 227, 177, 172, 19, 21, 10, 27, 42, 41, 14, 42, 183, 175, 180, 162, 174, 211, 207, 180, 218, 175, 163, 210, 165, 180, 30, 28, 38, 0, 36, 576, 291, 449, 147, 311, 393
|151, 179, 193, 201, 186, 206, 153, 149, 19, 40, 39, 48, 32, 62, 48, 15, 179, 170, 183, 164, 174, 207, 209, 179, 212, 174, 156, 211, 162, 177, 8, 30, 50, 36, 0, 0, 0, 0, 0, 0, 0
|404, 378, 367, 355, 374, 350, 402, 406, 560, 559, 584, 559, 535, 556, 578, 541, 421, 423, 452, 454, 442, 400, 434, 431, 392, 434, 429, 426, 438, 426, 555, 549, 546, 576, 0, 0, 0, 0, 0, 0, 0
|141, 123, 127, 89, 133, 85, 134, 135, 278, 273, 300, 271, 251, 267, 291, 261, 128, 130, 162, 161, 150, 109, 148, 138, 102, 141, 136, 140, 144, 133, 275, 264, 258, 291, 0, 0, 0, 0, 0, 0, 0
|275, 248, 230, 241, 236, 237, 276, 283, 432, 437, 457, 439, 410, 442, 456, 410, 341, 339, 381, 373, 364, 332, 373, 354, 325, 354, 338, 365, 353, 346, 423, 424, 428, 449, 0, 0, 0, 0, 0, 0, 0
|187, 206, 227, 200, 224, 203, 181, 174, 149, 129, 155, 121, 133, 107, 137, 153, 99, 100, 65, 65, 76, 117, 87, 87, 125, 85, 101, 94, 85, 94, 156, 133, 114, 147, 0, 0, 0, 0, 0, 0, 0
|279, 283, 300, 257, 302, 258, 271, 266, 310, 292, 319, 285, 289, 271, 302, 309, 167, 176, 142, 163, 157, 150, 121, 159, 151, 163, 190, 123, 174, 165, 315, 293, 276, 311, 0, 0, 0, 0, 0, 0, 0
|243, 222, 222, 189, 229, 185, 237, 238, 381, 375, 403, 372, 354, 367, 393, 365, 220, 225, 247, 252, 239, 196, 226, 229, 188, 232, 234, 218, 238, 225, 378, 366, 359, 393, 0, 0, 0, 0, 0, 0, 0
|];
Priority = [18, 10, 8, 17, 6, 0, 11, 3, 16, 11, 18, 8, 10, 9, 17, 8, 13, 11, 10, 8, 16, 13, 9, 15, 15, 1, 17, 18, 9, 3, 9, 1, 11, 0, 19];
Payment = [47, 23, 17, 12, 46, 22, 77, 20, 11, 57, 68, 90, 93, 32, 33, 62, 73, 94, 40, 47, 51, 43, 58, 95, 16, 18, 28, 21, 45, 34, 47, 73, 70, 36, 54];
MinNumScooters = [2, 2, 3];
MaxNumScooters = [14, 14, 13];
MaxTime = [1732, 1269, 1664];
alpha = 7;
beta = 1;
gamma = 13;
