nScooters 	= 111;
nEmployees 	= 5;
dummy 	= 6;
TravelTime 	= [|0, 7, 35, 31, 5, 18, 15, 10, 12, 256, 228, 231, 239, 213, 540, 498, 525, 509, 520, 502, 526, 479, 489, 494, 492, 452, 472, 509, 254, 208, 230, 240, 241, 211, 246, 252, 223, 224, 194, 216, 286, 296, 290, 296, 314, 286, 495, 500, 515, 533, 522, 538, 515, 523, 481, 358, 398, 358, 368, 385, 366, 375, 313, 355, 345, 341, 344, 306, 357, 345, 376, 399, 386, 387, 412, 144, 130, 142, 130, 103, 125, 140, 127, 103, 150, 132, 147, 107, 112, 131, 136, 124, 192, 144, 176, 153, 201, 462, 468, 448, 467, 447, 444, 488, 546, 519, 554, 546, 506, 530, 498, 305, 243, 200, 562, 313, 170, 141, 318, 433, 435
|7, 0, 42, 36, 12, 16, 13, 15, 18, 258, 231, 234, 242, 216, 541, 499, 525, 509, 520, 502, 526, 477, 487, 492, 490, 449, 469, 506, 252, 205, 228, 238, 239, 209, 244, 247, 217, 218, 189, 210, 279, 290, 284, 289, 308, 279, 490, 495, 511, 528, 517, 533, 510, 518, 476, 354, 394, 355, 365, 382, 363, 371, 313, 354, 345, 341, 345, 306, 351, 339, 370, 393, 380, 381, 406, 138, 124, 136, 124, 97, 119, 134, 121, 97, 147, 131, 146, 107, 112, 129, 135, 123, 197, 150, 181, 158, 206, 460, 467, 448, 466, 446, 443, 488, 543, 514, 550, 542, 502, 526, 494, 300, 245, 194, 558, 309, 172, 136, 312, 429, 434
|35, 42, 0, 36, 32, 51, 46, 33, 24, 256, 223, 225, 235, 211, 552, 508, 537, 522, 532, 512, 536, 501, 512, 516, 515, 476, 497, 533, 277, 234, 254, 262, 263, 233, 271, 287, 258, 259, 229, 250, 319, 329, 324, 330, 348, 320, 529, 534, 548, 566, 555, 571, 548, 556, 514, 386, 428, 387, 398, 413, 396, 402, 326, 370, 356, 357, 356, 321, 392, 380, 411, 434, 421, 422, 447, 174, 163, 175, 160, 134, 156, 171, 162, 135, 174, 153, 163, 127, 129, 155, 156, 144, 174, 123, 160, 137, 183, 480, 482, 464, 485, 465, 460, 504, 574, 549, 584, 576, 536, 559, 527, 337, 249, 230, 591, 343, 169, 174, 353, 461, 455
|31, 36, 36, 0, 27, 33, 28, 22, 28, 228, 199, 201, 210, 184, 519, 476, 504, 488, 499, 479, 503, 466, 477, 481, 480, 441, 462, 498, 243, 199, 220, 227, 228, 198, 236, 263, 235, 234, 206, 225, 308, 319, 310, 316, 334, 306, 501, 506, 517, 538, 526, 542, 518, 526, 485, 352, 395, 353, 365, 379, 363, 368, 292, 336, 323, 323, 323, 286, 371, 359, 391, 412, 401, 401, 425, 171, 153, 166, 157, 130, 152, 167, 145, 129, 139, 118, 128, 92, 94, 120, 121, 109, 163, 116, 146, 123, 171, 445, 448, 429, 450, 430, 426, 469, 541, 517, 551, 543, 503, 527, 494, 307, 217, 227, 558, 311, 141, 146, 330, 428, 420
|5, 12, 32, 27, 0, 20, 16, 6, 9, 252, 224, 227, 235, 210, 539, 496, 523, 508, 519, 500, 524, 479, 489, 494, 492, 452, 473, 509, 254, 209, 230, 240, 241, 210, 247, 256, 227, 227, 198, 219, 290, 301, 295, 300, 319, 290, 499, 503, 518, 536, 524, 541, 518, 526, 483, 359, 400, 360, 370, 386, 368, 376, 312, 354, 343, 340, 343, 305, 361, 349, 380, 403, 390, 391, 415, 149, 135, 147, 135, 108, 130, 145, 131, 108, 150, 132, 145, 107, 111, 131, 135, 123, 187, 139, 171, 148, 196, 461, 467, 447, 467, 446, 443, 487, 548, 520, 556, 548, 508, 532, 500, 307, 240, 205, 564, 315, 166, 144, 322, 434, 435
|18, 16, 51, 33, 20, 0, 5, 18, 28, 246, 222, 224, 231, 206, 526, 485, 510, 495, 506, 488, 512, 462, 472, 477, 475, 434, 455, 491, 237, 191, 213, 223, 224, 194, 229, 237, 208, 208, 179, 200, 276, 287, 279, 285, 303, 275, 479, 484, 498, 516, 505, 521, 498, 506, 464, 340, 380, 341, 351, 367, 349, 357, 299, 340, 331, 326, 331, 291, 343, 331, 362, 384, 372, 373, 397, 139, 121, 134, 125, 98, 120, 135, 115, 97, 133, 116, 132, 92, 98, 114, 120, 108, 193, 148, 175, 153, 201, 445, 453, 433, 451, 431, 428, 473, 529, 501, 537, 528, 489, 512, 480, 287, 232, 195, 544, 295, 162, 124, 303, 415, 419
|15, 13, 46, 28, 16, 5, 0, 13, 24, 246, 220, 223, 230, 205, 528, 486, 512, 496, 507, 489, 513, 465, 475, 480, 478, 438, 458, 495, 240, 194, 216, 225, 227, 197, 232, 242, 213, 213, 184, 205, 281, 291, 284, 289, 308, 279, 484, 488, 503, 521, 510, 526, 503, 511, 468, 344, 385, 345, 355, 371, 353, 361, 300, 342, 332, 328, 332, 293, 348, 336, 367, 389, 377, 378, 402, 143, 125, 138, 129, 102, 124, 139, 120, 101, 136, 119, 133, 94, 99, 117, 122, 110, 190, 144, 172, 149, 198, 448, 455, 435, 453, 433, 430, 475, 533, 505, 541, 533, 493, 516, 484, 292, 232, 199, 549, 300, 161, 129, 308, 419, 422
|10, 15, 33, 22, 6, 18, 13, 0, 13, 247, 219, 221, 230, 204, 533, 491, 518, 502, 513, 494, 518, 474, 484, 489, 488, 447, 468, 505, 249, 204, 226, 235, 236, 206, 242, 254, 226, 226, 197, 218, 292, 302, 296, 301, 320, 291, 496, 501, 515, 533, 522, 539, 515, 523, 481, 355, 396, 356, 366, 382, 364, 372, 306, 348, 337, 335, 337, 299, 361, 348, 380, 402, 390, 390, 415, 152, 136, 149, 138, 111, 133, 148, 132, 110, 145, 127, 140, 101, 105, 126, 130, 118, 183, 136, 167, 143, 192, 456, 461, 442, 461, 441, 437, 482, 544, 517, 552, 544, 504, 528, 496, 304, 235, 208, 560, 311, 160, 141, 321, 430, 430
|12, 18, 24, 28, 9, 28, 24, 13, 0, 255, 226, 228, 237, 212, 544, 502, 529, 513, 524, 505, 529, 486, 497, 501, 500, 460, 480, 517, 261, 216, 238, 247, 248, 218, 254, 264, 234, 235, 206, 227, 296, 307, 301, 307, 325, 297, 507, 511, 526, 544, 533, 549, 526, 534, 491, 367, 408, 368, 378, 394, 376, 383, 317, 360, 348, 346, 348, 311, 369, 356, 387, 410, 398, 398, 423, 153, 141, 152, 139, 113, 135, 150, 138, 113, 157, 139, 151, 113, 117, 138, 142, 130, 186, 137, 170, 147, 194, 467, 473, 453, 473, 453, 449, 493, 555, 528, 564, 556, 516, 540, 507, 315, 244, 210, 572, 323, 169, 152, 330, 442, 442
|256, 258, 256, 228, 252, 246, 246, 247, 255, 0, 51, 54, 37, 50, 312, 266, 303, 289, 297, 270, 294, 333, 345, 345, 348, 321, 345, 374, 183, 188, 180, 169, 170, 158, 190, 340, 331, 320, 310, 308, 450, 459, 438, 441, 454, 431, 501, 506, 488, 525, 512, 523, 497, 502, 471, 292, 346, 297, 317, 310, 316, 299, 117, 169, 130, 163, 132, 129, 447, 436, 474, 473, 475, 475, 492, 358, 326, 341, 347, 325, 341, 353, 302, 320, 175, 161, 137, 170, 159, 179, 157, 162, 145, 176, 136, 147, 141, 279, 261, 249, 282, 265, 254, 285, 453, 460, 474, 469, 435, 455, 422, 321, 36, 404, 479, 292, 88, 248, 396, 363, 266
|228, 231, 223, 199, 224, 222, 220, 219, 226, 51, 0, 6, 16, 22, 361, 314, 352, 338, 346, 318, 342, 381, 393, 393, 396, 367, 391, 421, 213, 207, 205, 197, 198, 180, 217, 352, 339, 329, 315, 317, 451, 461, 442, 446, 460, 436, 532, 537, 524, 558, 546, 558, 531, 537, 504, 329, 383, 333, 353, 349, 351, 338, 165, 218, 180, 211, 182, 175, 463, 451, 488, 492, 491, 491, 511, 345, 316, 330, 333, 309, 327, 340, 295, 305, 180, 158, 136, 159, 147, 177, 155, 157, 95, 129, 87, 101, 90, 329, 311, 299, 332, 314, 303, 335, 496, 499, 517, 511, 476, 496, 463, 345, 74, 395, 522, 321, 62, 248, 412, 402, 315
|231, 234, 225, 201, 227, 224, 223, 221, 228, 54, 6, 0, 18, 27, 363, 316, 354, 340, 348, 320, 344, 385, 397, 398, 400, 371, 395, 426, 219, 212, 211, 202, 204, 185, 223, 357, 344, 334, 320, 322, 456, 466, 447, 450, 465, 441, 537, 543, 529, 564, 551, 563, 537, 542, 509, 334, 388, 338, 358, 354, 357, 343, 169, 222, 183, 215, 185, 179, 468, 456, 494, 497, 496, 496, 516, 349, 320, 334, 337, 313, 331, 344, 299, 308, 185, 163, 141, 164, 152, 182, 160, 161, 93, 129, 86, 101, 87, 333, 314, 302, 336, 318, 307, 338, 501, 504, 522, 516, 481, 501, 468, 350, 79, 399, 527, 327, 65, 253, 417, 407, 319
|239, 242, 235, 210, 235, 231, 230, 230, 237, 37, 16, 18, 0, 27, 346, 299, 337, 323, 331, 303, 327, 368, 381, 381, 384, 355, 379, 409, 207, 204, 201, 191, 193, 176, 212, 352, 340, 330, 317, 318, 455, 464, 444, 448, 462, 438, 526, 531, 516, 551, 539, 551, 524, 530, 497, 321, 375, 325, 345, 340, 344, 329, 152, 205, 166, 198, 168, 163, 462, 450, 488, 490, 490, 490, 509, 352, 322, 337, 340, 317, 335, 348, 300, 312, 181, 162, 138, 165, 153, 181, 158, 161, 110, 144, 102, 116, 105, 315, 296, 285, 318, 301, 290, 321, 486, 490, 507, 501, 466, 486, 453, 341, 63, 401, 512, 316, 70, 251, 411, 393, 301
|213, 216, 211, 184, 210, 206, 205, 204, 212, 50, 22, 27, 27, 0, 361, 315, 351, 337, 345, 318, 343, 370, 382, 383, 385, 354, 378, 410, 195, 186, 186, 178, 179, 160, 198, 331, 317, 308, 294, 296, 431, 440, 421, 425, 439, 415, 513, 518, 506, 540, 527, 540, 513, 519, 485, 312, 365, 316, 335, 332, 334, 321, 156, 209, 175, 201, 176, 164, 442, 430, 468, 471, 470, 470, 490, 327, 296, 311, 314, 291, 309, 322, 275, 286, 158, 138, 115, 140, 128, 157, 134, 136, 101, 127, 88, 98, 98, 322, 307, 294, 325, 307, 297, 331, 482, 483, 502, 496, 460, 481, 448, 325, 62, 376, 507, 302, 45, 227, 391, 386, 305
|540, 541, 552, 519, 539, 526, 528, 533, 544, 312, 361, 363, 346, 361, 0, 48, 24, 38, 24, 44, 22, 202, 207, 199, 208, 225, 236, 232, 322, 367, 343, 326, 326, 348, 333, 488, 500, 485, 496, 477, 625, 630, 600, 600, 603, 593, 493, 498, 445, 493, 483, 483, 462, 462, 457, 317, 346, 323, 339, 308, 340, 306, 228, 193, 196, 207, 197, 238, 551, 545, 577, 552, 568, 568, 572, 596, 560, 572, 589, 576, 584, 591, 532, 569, 406, 413, 395, 435, 429, 422, 409, 420, 455, 487, 447, 458, 449, 133, 88, 111, 126, 137, 127, 83, 333, 387, 366, 367, 356, 361, 342, 414, 307, 623, 364, 368, 393, 465, 509, 328, 161
|498, 499, 508, 476, 496, 485, 486, 491, 502, 266, 314, 316, 299, 315, 48, 0, 47, 42, 40, 5, 29, 205, 213, 206, 215, 223, 238, 241, 289, 333, 309, 292, 292, 311, 301, 462, 472, 456, 465, 447, 597, 603, 574, 574, 579, 567, 490, 495, 446, 493, 482, 485, 462, 463, 453, 300, 335, 306, 324, 295, 325, 291, 187, 158, 154, 173, 155, 199, 532, 525, 559, 537, 551, 551, 557, 560, 524, 536, 553, 538, 547, 555, 496, 531, 368, 373, 354, 394, 387, 383, 369, 379, 408, 441, 400, 412, 402, 128, 74, 94, 123, 127, 112, 83, 344, 391, 376, 375, 360, 367, 346, 393, 262, 590, 375, 347, 348, 430, 488, 322, 150
|525, 525, 537, 504, 523, 510, 512, 518, 529, 303, 352, 354, 337, 351, 24, 47, 0, 16, 8, 43, 33, 179, 185, 177, 186, 202, 213, 210, 301, 348, 323, 307, 307, 329, 313, 466, 479, 463, 475, 455, 602, 608, 578, 577, 581, 571, 470, 474, 422, 470, 460, 460, 439, 439, 433, 294, 322, 299, 316, 284, 316, 282, 212, 174, 182, 188, 182, 220, 528, 522, 554, 529, 545, 544, 549, 576, 540, 552, 570, 558, 565, 572, 512, 550, 388, 396, 379, 419, 413, 404, 392, 403, 446, 477, 438, 448, 441, 109, 66, 89, 102, 114, 104, 59, 312, 364, 344, 345, 333, 338, 320, 391, 295, 603, 343, 345, 381, 446, 486, 304, 137
|509, 509, 522, 488, 508, 495, 496, 502, 513, 289, 338, 340, 323, 337, 38, 42, 16, 0, 14, 39, 39, 171, 178, 170, 179, 192, 204, 204, 286, 332, 307, 291, 291, 313, 298, 451, 464, 448, 460, 440, 588, 593, 563, 563, 566, 556, 460, 465, 413, 461, 451, 452, 430, 430, 424, 280, 310, 286, 303, 272, 304, 269, 197, 158, 167, 173, 167, 205, 515, 508, 541, 516, 532, 531, 536, 561, 525, 536, 554, 542, 549, 556, 497, 534, 373, 380, 364, 403, 398, 389, 377, 388, 433, 463, 424, 434, 427, 98, 51, 74, 91, 101, 90, 48, 306, 357, 339, 339, 326, 332, 312, 377, 281, 588, 338, 331, 366, 430, 472, 294, 125
|520, 520, 532, 499, 519, 506, 507, 513, 524, 297, 346, 348, 331, 345, 24, 40, 8, 14, 0, 36, 28, 182, 189, 180, 190, 204, 216, 214, 299, 345, 320, 304, 304, 326, 310, 465, 477, 462, 473, 453, 601, 606, 577, 576, 580, 570, 473, 477, 425, 473, 463, 464, 442, 442, 436, 294, 323, 300, 316, 285, 317, 283, 208, 171, 177, 185, 177, 216, 528, 522, 554, 530, 545, 545, 550, 573, 537, 549, 567, 554, 562, 569, 510, 547, 385, 392, 375, 415, 409, 400, 388, 399, 440, 471, 432, 442, 434, 111, 65, 88, 104, 115, 104, 61, 316, 368, 349, 349, 337, 343, 323, 391, 290, 601, 348, 345, 375, 443, 485, 306, 138
|502, 502, 512, 479, 500, 488, 489, 494, 505, 270, 318, 320, 303, 318, 44, 5, 43, 39, 36, 0, 25, 204, 212, 204, 213, 222, 237, 239, 291, 335, 311, 294, 294, 314, 303, 463, 474, 458, 467, 449, 599, 605, 576, 576, 581, 569, 489, 494, 445, 492, 482, 484, 461, 462, 453, 301, 335, 307, 325, 295, 326, 292, 190, 161, 157, 175, 158, 202, 533, 526, 560, 538, 552, 552, 558, 563, 527, 539, 555, 541, 550, 558, 499, 534, 371, 376, 357, 397, 391, 386, 372, 382, 412, 445, 404, 416, 406, 127, 73, 94, 122, 127, 112, 81, 342, 390, 374, 374, 359, 366, 345, 394, 266, 593, 374, 348, 351, 433, 489, 322, 150
|526, 526, 536, 503, 524, 512, 513, 518, 529, 294, 342, 344, 327, 343, 22, 29, 33, 39, 28, 25, 0, 209, 216, 208, 217, 230, 242, 241, 312, 357, 333, 316, 316, 336, 324, 482, 493, 478, 488, 469, 618, 624, 594, 594, 599, 588, 498, 503, 452, 499, 489, 490, 469, 469, 462, 316, 347, 322, 339, 308, 340, 305, 214, 182, 181, 197, 182, 225, 549, 543, 576, 552, 567, 567, 572, 585, 549, 561, 578, 564, 573, 580, 521, 557, 394, 399, 381, 421, 415, 409, 395, 406, 436, 469, 428, 440, 430, 135, 85, 108, 129, 138, 125, 86, 343, 395, 376, 376, 364, 370, 350, 411, 291, 614, 375, 365, 376, 455, 506, 332, 162
|479, 477, 501, 466, 479, 462, 465, 474, 486, 333, 381, 385, 368, 370, 202, 205, 179, 171, 182, 204, 209, 0, 13, 16, 16, 34, 35, 43, 226, 273, 250, 240, 239, 269, 234, 340, 362, 347, 367, 342, 473, 476, 444, 442, 442, 438, 293, 297, 244, 291, 281, 282, 261, 261, 257, 151, 159, 155, 164, 131, 165, 134, 217, 165, 212, 171, 208, 207, 375, 372, 399, 368, 387, 387, 387, 485, 451, 460, 483, 478, 479, 481, 425, 470, 330, 349, 342, 375, 375, 349, 346, 358, 469, 482, 454, 455, 467, 80, 134, 122, 84, 87, 104, 124, 142, 187, 172, 171, 156, 163, 142, 254, 308, 497, 173, 212, 382, 363, 341, 132, 73
|489, 487, 512, 477, 489, 472, 475, 484, 497, 345, 393, 397, 381, 382, 207, 213, 185, 178, 189, 212, 216, 13, 0, 10, 4, 40, 33, 31, 236, 283, 260, 250, 249, 280, 244, 346, 368, 353, 375, 349, 477, 480, 449, 447, 446, 443, 290, 294, 238, 286, 276, 276, 256, 255, 253, 157, 160, 161, 168, 135, 169, 140, 229, 177, 224, 183, 220, 219, 377, 374, 401, 368, 388, 388, 387, 493, 460, 468, 491, 487, 487, 489, 433, 479, 340, 360, 353, 386, 385, 359, 357, 369, 481, 494, 466, 467, 479, 90, 143, 132, 93, 98, 115, 131, 132, 180, 163, 163, 149, 155, 135, 258, 320, 504, 164, 218, 394, 372, 344, 132, 85
|494, 492, 516, 481, 494, 477, 480, 489, 501, 345, 393, 398, 381, 383, 199, 206, 177, 170, 180, 204, 208, 16, 10, 0, 10, 48, 42, 36, 241, 288, 264, 255, 254, 284, 249, 354, 376, 361, 382, 356, 486, 489, 457, 455, 454, 451, 299, 303, 247, 295, 285, 285, 265, 264, 262, 165, 169, 169, 176, 144, 178, 148, 229, 177, 222, 183, 219, 220, 387, 383, 410, 378, 398, 397, 397, 500, 466, 474, 498, 493, 494, 496, 440, 485, 345, 364, 356, 390, 389, 364, 361, 373, 482, 496, 467, 469, 480, 85, 137, 127, 87, 94, 110, 124, 138, 188, 170, 170, 157, 163, 144, 267, 321, 512, 170, 225, 396, 378, 353, 141, 83
|492, 490, 515, 480, 492, 475, 478, 488, 500, 348, 396, 400, 384, 385, 208, 215, 186, 179, 190, 213, 217, 16, 4, 10, 0, 43, 34, 29, 239, 286, 263, 254, 252, 283, 247, 348, 370, 356, 377, 351, 479, 482, 451, 449, 447, 445, 290, 294, 238, 286, 276, 276, 256, 255, 253, 159, 162, 163, 170, 137, 171, 142, 232, 180, 227, 186, 223, 222, 379, 376, 402, 370, 390, 389, 388, 496, 462, 470, 494, 490, 490, 492, 436, 482, 343, 363, 356, 389, 389, 362, 360, 372, 484, 497, 469, 470, 482, 92, 145, 134, 95, 100, 117, 132, 130, 179, 162, 161, 148, 154, 135, 261, 323, 507, 162, 220, 397, 375, 346, 133, 88
|452, 449, 476, 441, 452, 434, 438, 447, 460, 321, 367, 371, 355, 354, 225, 223, 202, 192, 204, 222, 230, 34, 40, 48, 43, 0, 25, 58, 199, 245, 222, 214, 213, 244, 206, 307, 329, 314, 335, 309, 439, 442, 411, 409, 409, 405, 269, 273, 224, 271, 260, 263, 240, 241, 232, 118, 127, 122, 131, 98, 132, 101, 205, 156, 205, 159, 202, 192, 343, 339, 367, 337, 355, 355, 356, 454, 420, 428, 452, 448, 448, 450, 394, 440, 303, 323, 318, 350, 350, 322, 321, 333, 453, 462, 436, 436, 451, 96, 150, 133, 101, 98, 114, 144, 138, 171, 166, 163, 140, 152, 125, 220, 293, 465, 168, 178, 363, 333, 308, 104, 77
|472, 469, 497, 462, 473, 455, 458, 468, 480, 345, 391, 395, 379, 378, 236, 238, 213, 204, 216, 237, 242, 35, 33, 42, 34, 25, 0, 38, 220, 265, 243, 235, 234, 265, 226, 317, 341, 326, 349, 323, 448, 450, 419, 417, 415, 413, 259, 263, 210, 257, 247, 248, 227, 227, 223, 130, 129, 133, 138, 106, 140, 112, 229, 180, 229, 183, 225, 217, 346, 343, 369, 336, 356, 356, 355, 469, 436, 443, 467, 465, 464, 465, 410, 456, 323, 345, 340, 371, 371, 343, 342, 354, 476, 486, 460, 460, 475, 111, 165, 151, 116, 116, 133, 157, 115, 154, 144, 142, 123, 132, 109, 229, 318, 478, 146, 190, 386, 350, 313, 100, 97
|509, 506, 533, 498, 509, 491, 495, 505, 517, 374, 421, 426, 409, 410, 232, 241, 210, 204, 214, 239, 241, 43, 31, 36, 29, 58, 38, 0, 256, 301, 279, 272, 270, 301, 263, 352, 376, 362, 385, 358, 481, 483, 451, 449, 446, 446, 273, 277, 218, 266, 257, 255, 236, 235, 237, 166, 159, 168, 172, 141, 173, 147, 258, 207, 254, 212, 250, 247, 374, 372, 396, 362, 383, 382, 380, 506, 472, 480, 504, 501, 500, 502, 447, 493, 360, 381, 375, 407, 407, 379, 378, 390, 509, 520, 493, 493, 507, 120, 172, 162, 123, 129, 146, 158, 103, 157, 136, 136, 127, 130, 115, 264, 348, 513, 135, 225, 420, 387, 344, 125, 116
|254, 252, 277, 243, 254, 237, 240, 249, 261, 183, 213, 219, 207, 195, 322, 289, 301, 286, 299, 291, 312, 226, 236, 241, 239, 199, 220, 256, 0, 49, 25, 18, 17, 47, 13, 181, 185, 171, 177, 161, 313, 319, 292, 293, 301, 285, 319, 325, 312, 346, 333, 346, 319, 325, 291, 121, 173, 124, 142, 145, 141, 134, 121, 131, 153, 117, 150, 101, 275, 265, 303, 296, 301, 300, 316, 277, 241, 252, 271, 262, 266, 272, 213, 254, 105, 126, 123, 152, 153, 124, 123, 135, 280, 277, 260, 254, 281, 217, 237, 215, 224, 204, 205, 253, 305, 294, 320, 313, 274, 297, 263, 140, 148, 302, 326, 109, 186, 147, 225, 199, 188
|208, 205, 234, 199, 209, 191, 194, 204, 216, 188, 207, 212, 204, 186, 367, 333, 348, 332, 345, 335, 357, 273, 283, 288, 286, 245, 265, 301, 49, 0, 26, 41, 42, 31, 40, 155, 152, 138, 138, 127, 278, 285, 260, 262, 273, 253, 332, 338, 334, 363, 350, 364, 339, 346, 308, 154, 201, 156, 170, 181, 168, 170, 155, 175, 190, 161, 187, 137, 260, 249, 287, 287, 287, 287, 306, 229, 193, 205, 223, 213, 218, 225, 165, 205, 61, 86, 91, 111, 115, 80, 85, 95, 259, 248, 238, 228, 261, 266, 284, 262, 272, 252, 253, 301, 343, 324, 354, 347, 307, 331, 297, 139, 153, 258, 361, 124, 167, 99, 209, 232, 237
|230, 228, 254, 220, 230, 213, 216, 226, 238, 180, 205, 211, 201, 186, 343, 309, 323, 307, 320, 311, 333, 250, 260, 264, 263, 222, 243, 279, 25, 26, 0, 18, 18, 28, 18, 170, 170, 156, 159, 145, 297, 305, 278, 280, 289, 272, 328, 334, 326, 357, 344, 357, 331, 338, 302, 139, 189, 141, 157, 164, 156, 153, 134, 151, 168, 137, 165, 115, 270, 259, 297, 294, 297, 296, 313, 254, 218, 230, 248, 238, 243, 250, 190, 230, 81, 103, 103, 129, 131, 100, 101, 113, 266, 260, 245, 238, 267, 241, 259, 237, 247, 227, 228, 276, 325, 311, 339, 331, 293, 315, 282, 141, 145, 282, 346, 117, 172, 124, 219, 217, 212
|240, 238, 262, 227, 240, 223, 225, 235, 247, 169, 197, 202, 191, 178, 326, 292, 307, 291, 304, 294, 316, 240, 250, 255, 254, 214, 235, 272, 18, 41, 18, 0, 2, 30, 21, 186, 188, 173, 176, 163, 315, 322, 295, 297, 306, 289, 336, 341, 330, 362, 350, 363, 336, 343, 308, 139, 191, 142, 160, 163, 158, 152, 117, 135, 151, 120, 148, 98, 284, 274, 312, 307, 311, 311, 327, 270, 234, 246, 264, 253, 259, 265, 206, 245, 91, 110, 106, 136, 137, 110, 107, 119, 262, 260, 242, 237, 263, 227, 244, 222, 233, 213, 213, 261, 323, 312, 337, 330, 292, 314, 281, 153, 134, 299, 344, 125, 168, 140, 234, 216, 199
|241, 239, 263, 228, 241, 224, 227, 236, 248, 170, 198, 204, 193, 179, 326, 292, 307, 291, 304, 294, 316, 239, 249, 254, 252, 213, 234, 270, 17, 42, 18, 2, 0, 31, 20, 186, 187, 173, 176, 162, 314, 321, 295, 296, 305, 288, 334, 340, 328, 361, 349, 361, 335, 341, 307, 138, 189, 141, 158, 162, 157, 150, 118, 134, 151, 120, 148, 98, 284, 273, 311, 306, 310, 310, 326, 270, 234, 246, 264, 253, 259, 266, 206, 245, 92, 111, 107, 137, 138, 111, 109, 120, 264, 261, 244, 238, 264, 226, 244, 221, 233, 213, 213, 260, 321, 311, 336, 329, 291, 313, 280, 151, 135, 299, 342, 124, 169, 140, 233, 215, 198
|211, 209, 233, 198, 210, 194, 197, 206, 218, 158, 180, 185, 176, 160, 348, 311, 329, 313, 326, 314, 336, 269, 280, 284, 283, 244, 265, 301, 47, 31, 28, 30, 31, 0, 44, 185, 181, 168, 166, 156, 307, 314, 290, 292, 303, 283, 355, 360, 353, 384, 372, 385, 359, 365, 329, 166, 216, 169, 185, 191, 183, 179, 129, 155, 164, 141, 162, 113, 290, 278, 316, 316, 317, 317, 335, 249, 213, 226, 242, 229, 237, 245, 186, 222, 62, 80, 77, 107, 107, 81, 78, 90, 238, 232, 218, 210, 239, 254, 267, 246, 260, 240, 238, 285, 351, 338, 365, 358, 319, 342, 309, 166, 124, 282, 372, 144, 144, 120, 239, 243, 226
|246, 244, 271, 236, 247, 229, 232, 242, 254, 190, 217, 223, 212, 198, 333, 301, 313, 298, 310, 303, 324, 234, 244, 249, 247, 206, 226, 263, 13, 40, 18, 21, 20, 44, 0, 170, 174, 159, 165, 149, 301, 307, 280, 281, 290, 273, 315, 320, 310, 342, 330, 343, 317, 323, 288, 122, 173, 125, 141, 147, 140, 136, 133, 143, 165, 129, 162, 112, 265, 255, 293, 287, 291, 291, 307, 265, 229, 240, 260, 251, 255, 261, 202, 243, 98, 120, 120, 146, 148, 117, 118, 130, 281, 276, 261, 254, 282, 228, 249, 226, 234, 215, 216, 265, 308, 295, 322, 315, 276, 299, 265, 132, 155, 291, 329, 104, 187, 136, 214, 200, 198
|252, 247, 287, 263, 256, 237, 242, 254, 264, 340, 352, 357, 352, 331, 488, 462, 466, 451, 465, 463, 482, 340, 346, 354, 348, 307, 317, 352, 181, 155, 170, 186, 186, 185, 170, 0, 33, 29, 59, 39, 137, 142, 113, 113, 120, 106, 248, 253, 279, 288, 278, 296, 275, 284, 240, 189, 200, 186, 181, 212, 179, 207, 302, 307, 334, 294, 331, 282, 114, 101, 138, 151, 143, 144, 166, 173, 150, 150, 177, 187, 176, 171, 134, 180, 174, 199, 219, 211, 222, 181, 202, 205, 383, 356, 361, 345, 387, 366, 401, 378, 374, 357, 363, 411, 348, 300, 345, 336, 298, 320, 294, 89, 307, 165, 354, 129, 301, 120, 68, 238, 335
|223, 217, 258, 235, 227, 208, 213, 226, 234, 331, 339, 344, 340, 317, 500, 472, 479, 464, 477, 474, 493, 362, 368, 376, 370, 329, 341, 376, 185, 152, 170, 188, 187, 181, 174, 33, 0, 16, 29, 26, 128, 135, 109, 111, 123, 102, 281, 285, 311, 320, 310, 328, 307, 316, 272, 212, 227, 209, 206, 236, 204, 230, 304, 315, 338, 301, 335, 285, 137, 125, 159, 177, 167, 167, 191, 141, 117, 118, 145, 155, 144, 139, 102, 148, 159, 182, 204, 191, 202, 164, 185, 186, 362, 332, 341, 323, 367, 383, 414, 391, 390, 372, 377, 426, 377, 331, 375, 366, 328, 351, 324, 116, 299, 138, 384, 151, 285, 97, 96, 266, 351
|224, 218, 259, 234, 227, 208, 213, 226, 235, 320, 329, 334, 330, 308, 485, 456, 463, 448, 462, 458, 478, 347, 353, 361, 356, 314, 326, 362, 171, 138, 156, 173, 173, 168, 159, 29, 16, 0, 32, 12, 143, 149, 123, 125, 135, 116, 275, 279, 303, 314, 304, 321, 300, 308, 265, 197, 214, 194, 193, 221, 191, 215, 290, 300, 323, 286, 320, 270, 141, 128, 164, 179, 170, 171, 194, 152, 126, 128, 155, 162, 153, 149, 108, 155, 150, 174, 195, 184, 195, 156, 177, 179, 356, 328, 335, 318, 361, 367, 398, 375, 374, 356, 362, 410, 365, 320, 364, 355, 316, 339, 312, 104, 287, 152, 372, 137, 276, 92, 96, 253, 336
|194, 189, 229, 206, 198, 179, 184, 197, 206, 310, 315, 320, 317, 294, 496, 465, 475, 460, 473, 467, 488, 367, 375, 382, 377, 335, 349, 385, 177, 138, 159, 176, 176, 166, 165, 59, 29, 32, 0, 29, 142, 150, 128, 131, 146, 122, 306, 311, 334, 345, 335, 352, 331, 340, 296, 220, 242, 217, 218, 245, 216, 238, 292, 307, 326, 293, 324, 274, 166, 153, 187, 206, 195, 196, 220, 124, 95, 99, 125, 131, 123, 121, 77, 124, 136, 158, 180, 164, 175, 139, 161, 161, 335, 304, 314, 296, 340, 382, 410, 387, 389, 371, 375, 424, 393, 350, 393, 384, 345, 368, 340, 132, 279, 131, 401, 161, 260, 70, 124, 280, 351
|216, 210, 250, 225, 219, 200, 205, 218, 227, 308, 317, 322, 318, 296, 477, 447, 455, 440, 453, 449, 469, 342, 349, 356, 351, 309, 323, 358, 161, 127, 145, 163, 162, 156, 149, 39, 26, 12, 29, 0, 153, 160, 134, 136, 147, 127, 281, 286, 307, 320, 309, 327, 305, 313, 270, 193, 214, 191, 190, 218, 188, 211, 279, 290, 313, 277, 310, 260, 152, 139, 175, 189, 181, 182, 204, 151, 123, 127, 153, 159, 151, 149, 103, 151, 138, 162, 183, 173, 184, 144, 165, 167, 345, 317, 323, 307, 349, 360, 390, 367, 367, 349, 354, 403, 365, 322, 365, 356, 317, 340, 312, 104, 275, 156, 373, 134, 265, 82, 106, 252, 329
|286, 279, 319, 308, 290, 276, 281, 292, 296, 450, 451, 456, 455, 431, 625, 597, 602, 588, 601, 599, 618, 473, 477, 486, 479, 439, 448, 481, 313, 278, 297, 315, 314, 307, 301, 137, 128, 143, 142, 153, 0, 11, 31, 36, 49, 36, 315, 318, 365, 357, 350, 368, 354, 364, 322, 322, 323, 318, 310, 343, 309, 339, 431, 442, 465, 428, 462, 412, 135, 128, 134, 176, 151, 152, 176, 149, 156, 144, 162, 187, 165, 151, 165, 185, 276, 294, 317, 294, 307, 275, 297, 295, 458, 420, 438, 418, 465, 503, 537, 514, 510, 493, 500, 548, 461, 402, 451, 442, 407, 428, 407, 220, 420, 100, 460, 263, 393, 204, 140, 360, 471
|296, 290, 329, 319, 301, 287, 291, 302, 307, 459, 461, 466, 464, 440, 630, 603, 608, 593, 606, 605, 624, 476, 480, 489, 482, 442, 450, 483, 319, 285, 305, 322, 321, 314, 307, 142, 135, 149, 150, 160, 11, 0, 32, 35, 45, 38, 312, 314, 362, 353, 347, 365, 352, 361, 319, 326, 325, 321, 313, 346, 311, 342, 439, 448, 472, 434, 469, 419, 132, 126, 129, 171, 146, 147, 170, 159, 167, 155, 172, 197, 175, 161, 176, 195, 285, 303, 326, 304, 316, 284, 306, 305, 469, 430, 448, 428, 475, 507, 543, 519, 514, 498, 505, 553, 460, 401, 450, 441, 407, 428, 407, 223, 429, 109, 459, 267, 403, 213, 141, 362, 476
|290, 284, 324, 310, 295, 279, 284, 296, 301, 438, 442, 447, 444, 421, 600, 574, 578, 563, 577, 576, 594, 444, 449, 457, 451, 411, 419, 451, 292, 260, 278, 295, 295, 290, 280, 113, 109, 123, 128, 134, 31, 32, 0, 7, 26, 7, 286, 289, 335, 328, 321, 339, 325, 334, 292, 295, 294, 290, 282, 314, 280, 311, 412, 419, 445, 406, 442, 392, 106, 99, 108, 148, 125, 125, 150, 161, 161, 152, 173, 196, 175, 162, 166, 192, 264, 284, 307, 288, 300, 265, 287, 287, 455, 419, 434, 415, 461, 477, 513, 489, 484, 467, 475, 522, 430, 371, 420, 411, 377, 398, 377, 192, 407, 118, 429, 236, 386, 195, 110, 330, 445
|296, 289, 330, 316, 300, 285, 289, 301, 307, 441, 446, 450, 448, 425, 600, 574, 577, 563, 576, 576, 594, 442, 447, 455, 449, 409, 417, 449, 293, 262, 280, 297, 296, 292, 281, 113, 111, 125, 131, 136, 36, 35, 7, 0, 20, 11, 281, 283, 330, 322, 315, 333, 320, 329, 287, 293, 291, 289, 280, 312, 278, 309, 413, 420, 446, 407, 443, 393, 100, 94, 102, 142, 118, 119, 144, 167, 167, 158, 179, 202, 181, 169, 171, 198, 267, 288, 310, 292, 304, 269, 291, 291, 460, 424, 439, 420, 466, 476, 512, 489, 483, 467, 474, 522, 426, 367, 416, 407, 373, 394, 373, 190, 409, 125, 425, 235, 390, 199, 107, 327, 445
|314, 308, 348, 334, 319, 303, 308, 320, 325, 454, 460, 465, 462, 439, 603, 579, 581, 566, 580, 581, 599, 442, 446, 454, 447, 409, 415, 446, 301, 273, 289, 306, 305, 303, 290, 120, 123, 135, 146, 147, 49, 45, 26, 20, 0, 29, 268, 270, 319, 309, 303, 321, 308, 317, 276, 294, 288, 289, 279, 312, 277, 309, 422, 426, 454, 413, 451, 401, 88, 83, 85, 127, 103, 104, 127, 187, 186, 177, 198, 221, 200, 188, 189, 217, 281, 303, 325, 307, 319, 284, 306, 306, 476, 441, 455, 436, 482, 478, 516, 493, 485, 469, 477, 525, 420, 358, 408, 399, 366, 386, 367, 191, 422, 143, 417, 237, 405, 214, 102, 324, 447
|286, 279, 320, 306, 290, 275, 279, 291, 297, 431, 436, 441, 438, 415, 593, 567, 571, 556, 570, 569, 588, 438, 443, 451, 445, 405, 413, 446, 285, 253, 272, 289, 288, 283, 273, 106, 102, 116, 122, 127, 36, 38, 7, 11, 29, 0, 284, 286, 332, 325, 318, 336, 322, 331, 288, 289, 289, 284, 276, 308, 274, 305, 405, 413, 438, 399, 435, 385, 104, 96, 108, 147, 124, 125, 150, 158, 158, 148, 170, 192, 172, 160, 161, 189, 258, 278, 301, 282, 294, 259, 281, 281, 450, 414, 429, 409, 456, 470, 506, 483, 477, 461, 468, 516, 426, 367, 416, 407, 373, 394, 372, 186, 400, 117, 425, 230, 380, 189, 105, 325, 439
|495, 490, 529, 501, 499, 479, 484, 496, 507, 501, 532, 537, 526, 513, 493, 490, 470, 460, 473, 489, 498, 293, 290, 299, 290, 269, 259, 273, 319, 332, 328, 336, 334, 355, 315, 248, 281, 275, 306, 281, 315, 312, 286, 281, 268, 284, 0, 6, 65, 42, 36, 54, 47, 55, 37, 214, 164, 209, 188, 206, 188, 214, 411, 382, 429, 376, 425, 390, 181, 188, 187, 143, 169, 168, 151, 416, 397, 395, 422, 435, 422, 415, 382, 428, 382, 411, 422, 431, 438, 397, 411, 419, 591, 577, 570, 559, 593, 364, 416, 398, 369, 363, 379, 412, 197, 125, 172, 165, 150, 159, 160, 197, 466, 393, 180, 211, 498, 356, 192, 168, 341
|500, 495, 534, 506, 503, 484, 488, 501, 511, 506, 537, 543, 531, 518, 498, 495, 474, 465, 477, 494, 503, 297, 294, 303, 294, 273, 263, 277, 325, 338, 334, 341, 340, 360, 320, 253, 285, 279, 311, 286, 318, 314, 289, 283, 270, 286, 6, 0, 66, 40, 35, 52, 48, 55, 42, 220, 169, 214, 193, 211, 193, 219, 416, 387, 434, 381, 430, 395, 183, 191, 189, 145, 171, 170, 152, 420, 401, 399, 426, 439, 426, 419, 386, 432, 387, 416, 427, 436, 443, 402, 416, 424, 596, 582, 575, 564, 598, 368, 421, 402, 374, 368, 383, 417, 199, 128, 174, 167, 153, 161, 163, 202, 471, 396, 182, 217, 504, 361, 195, 173, 345
|515, 511, 548, 517, 518, 498, 503, 515, 526, 488, 524, 529, 516, 506, 445, 446, 422, 413, 425, 445, 452, 244, 238, 247, 238, 224, 210, 218, 312, 334, 326, 330, 328, 353, 310, 279, 311, 303, 334, 307, 365, 362, 335, 330, 319, 332, 65, 66, 0, 48, 39, 40, 19, 18, 44, 196, 142, 191, 172, 180, 173, 190, 389, 353, 402, 349, 398, 369, 232, 237, 243, 199, 225, 224, 210, 451, 428, 429, 456, 465, 454, 449, 410, 458, 389, 417, 425, 440, 446, 406, 417, 426, 591, 582, 570, 562, 592, 319, 373, 356, 324, 321, 337, 366, 134, 64, 108, 101, 92, 96, 104, 211, 454, 434, 116, 211, 497, 375, 232, 132, 299
|533, 528, 566, 538, 536, 516, 521, 533, 544, 525, 558, 564, 551, 540, 493, 493, 470, 461, 473, 492, 499, 291, 286, 295, 286, 271, 257, 266, 346, 363, 357, 362, 361, 384, 342, 288, 320, 314, 345, 320, 357, 353, 328, 322, 309, 325, 42, 40, 48, 0, 13, 15, 32, 32, 55, 234, 181, 229, 208, 221, 209, 230, 429, 396, 445, 392, 441, 409, 222, 230, 228, 184, 210, 209, 190, 457, 437, 436, 463, 475, 462, 455, 421, 468, 415, 443, 453, 464, 471, 430, 443, 452, 621, 609, 600, 590, 623, 366, 420, 402, 371, 368, 384, 413, 179, 110, 150, 144, 139, 142, 152, 231, 490, 434, 157, 240, 528, 393, 233, 176, 346
|522, 517, 555, 526, 524, 505, 510, 522, 533, 512, 546, 551, 539, 527, 483, 482, 460, 451, 463, 482, 489, 281, 276, 285, 276, 260, 247, 257, 333, 350, 344, 350, 349, 372, 330, 278, 310, 304, 335, 309, 350, 347, 321, 315, 303, 318, 36, 35, 39, 13, 0, 19, 21, 24, 43, 221, 168, 216, 196, 209, 196, 218, 417, 384, 433, 379, 429, 397, 216, 222, 222, 178, 204, 203, 186, 447, 427, 426, 453, 465, 452, 446, 411, 458, 403, 431, 441, 452, 459, 418, 431, 440, 608, 597, 588, 578, 610, 355, 409, 392, 361, 357, 373, 403, 172, 102, 145, 138, 131, 135, 143, 220, 478, 426, 152, 228, 515, 381, 224, 165, 335
|538, 533, 571, 542, 541, 521, 526, 539, 549, 523, 558, 563, 551, 540, 483, 485, 460, 452, 464, 484, 490, 282, 276, 285, 276, 263, 248, 255, 346, 364, 357, 363, 361, 385, 343, 296, 328, 321, 352, 327, 368, 365, 339, 333, 321, 336, 54, 52, 40, 15, 19, 0, 27, 23, 58, 232, 178, 227, 206, 217, 207, 227, 426, 392, 441, 387, 436, 406, 234, 241, 240, 196, 222, 221, 203, 465, 445, 444, 471, 482, 470, 464, 429, 475, 418, 446, 455, 468, 474, 434, 446, 455, 622, 611, 602, 592, 624, 358, 412, 395, 363, 360, 376, 404, 166, 99, 136, 131, 128, 130, 141, 236, 489, 444, 143, 242, 529, 398, 242, 171, 338
|515, 510, 548, 518, 518, 498, 503, 515, 526, 497, 531, 537, 524, 513, 462, 462, 439, 430, 442, 461, 469, 261, 256, 265, 256, 240, 227, 236, 319, 339, 331, 336, 335, 359, 317, 275, 307, 300, 331, 305, 354, 352, 325, 320, 308, 322, 47, 48, 19, 32, 21, 27, 0, 10, 36, 205, 152, 200, 180, 191, 181, 201, 400, 366, 415, 362, 411, 380, 221, 226, 230, 186, 212, 211, 195, 446, 424, 424, 451, 461, 450, 444, 407, 454, 392, 421, 429, 443, 449, 409, 421, 429, 596, 586, 576, 567, 598, 335, 389, 372, 340, 337, 352, 383, 153, 82, 126, 120, 110, 115, 122, 211, 463, 427, 134, 216, 503, 374, 224, 145, 315
|523, 518, 556, 526, 526, 506, 511, 523, 534, 502, 537, 542, 530, 519, 462, 463, 439, 430, 442, 462, 469, 261, 255, 264, 255, 241, 227, 235, 325, 346, 338, 343, 341, 365, 323, 284, 316, 308, 340, 313, 364, 361, 334, 329, 317, 331, 55, 55, 18, 32, 24, 23, 10, 0, 44, 210, 157, 206, 185, 195, 186, 205, 404, 369, 418, 365, 414, 384, 230, 236, 238, 194, 221, 220, 204, 455, 433, 433, 460, 470, 459, 453, 416, 463, 400, 428, 436, 450, 456, 416, 428, 437, 603, 593, 582, 574, 604, 336, 390, 373, 341, 338, 354, 383, 149, 79, 121, 115, 108, 112, 121, 219, 468, 436, 129, 223, 509, 383, 233, 148, 316
|481, 476, 514, 485, 483, 464, 468, 481, 491, 471, 504, 509, 497, 485, 457, 453, 433, 424, 436, 453, 462, 257, 253, 262, 253, 232, 223, 237, 291, 308, 302, 308, 307, 329, 288, 240, 272, 265, 296, 270, 322, 319, 292, 287, 276, 288, 37, 42, 44, 55, 43, 58, 36, 44, 0, 182, 130, 176, 155, 171, 156, 180, 378, 347, 395, 342, 391, 357, 189, 194, 200, 156, 183, 182, 168, 411, 389, 389, 416, 426, 415, 409, 372, 419, 360, 389, 398, 410, 417, 376, 389, 397, 566, 554, 545, 536, 568, 327, 380, 361, 333, 327, 342, 376, 166, 95, 144, 136, 116, 128, 125, 178, 437, 392, 153, 185, 473, 340, 190, 132, 304
|358, 354, 386, 352, 359, 340, 344, 355, 367, 292, 329, 334, 321, 312, 317, 300, 294, 280, 294, 301, 316, 151, 157, 165, 159, 118, 130, 166, 121, 154, 139, 139, 138, 166, 122, 189, 212, 197, 220, 193, 322, 326, 295, 293, 294, 289, 214, 220, 196, 234, 221, 232, 205, 210, 182, 0, 54, 7, 28, 28, 28, 19, 197, 171, 216, 163, 212, 176, 235, 229, 261, 237, 252, 251, 258, 341, 308, 315, 340, 339, 336, 337, 283, 331, 214, 240, 242, 265, 268, 233, 238, 249, 400, 398, 381, 375, 401, 187, 231, 208, 194, 180, 191, 236, 189, 174, 200, 193, 154, 177, 144, 103, 259, 348, 208, 61, 306, 227, 194, 78, 157
|398, 394, 428, 395, 400, 380, 385, 396, 408, 346, 383, 388, 375, 365, 346, 335, 322, 310, 323, 335, 347, 159, 160, 169, 162, 127, 129, 159, 173, 201, 189, 191, 189, 216, 173, 200, 227, 214, 242, 214, 323, 325, 294, 291, 288, 289, 164, 169, 142, 181, 168, 178, 152, 157, 130, 54, 0, 50, 32, 43, 34, 51, 249, 218, 266, 213, 262, 229, 218, 215, 241, 210, 229, 229, 230, 365, 335, 340, 366, 368, 363, 362, 312, 360, 260, 287, 291, 311, 315, 278, 286, 296, 452, 448, 433, 426, 453, 213, 263, 242, 220, 210, 223, 263, 152, 123, 157, 148, 109, 132, 101, 112, 313, 364, 165, 86, 358, 262, 186, 39, 186
|358, 355, 387, 353, 360, 341, 345, 356, 368, 297, 333, 338, 325, 316, 323, 306, 299, 286, 300, 307, 322, 155, 161, 169, 163, 122, 133, 168, 124, 156, 141, 142, 141, 169, 125, 186, 209, 194, 217, 191, 318, 321, 290, 289, 289, 284, 209, 214, 191, 229, 216, 227, 200, 206, 176, 7, 50, 0, 22, 29, 22, 22, 203, 176, 222, 169, 218, 182, 229, 224, 255, 231, 246, 246, 252, 339, 307, 313, 338, 338, 335, 335, 282, 330, 216, 242, 244, 267, 270, 234, 240, 251, 404, 400, 384, 378, 404, 193, 237, 214, 200, 186, 197, 241, 188, 170, 199, 191, 152, 175, 142, 99, 263, 346, 206, 58, 310, 227, 189, 76, 162
|368, 365, 398, 365, 370, 351, 355, 366, 378, 317, 353, 358, 345, 335, 339, 324, 316, 303, 316, 325, 339, 164, 168, 176, 170, 131, 138, 172, 142, 170, 157, 160, 158, 185, 141, 181, 206, 193, 218, 190, 310, 313, 282, 280, 279, 276, 188, 193, 172, 208, 196, 206, 180, 185, 155, 28, 32, 22, 0, 34, 2, 34, 224, 198, 243, 190, 239, 203, 215, 210, 240, 214, 230, 229, 234, 341, 310, 315, 341, 342, 338, 337, 286, 334, 229, 255, 259, 280, 284, 247, 254, 265, 421, 416, 401, 395, 422, 208, 254, 232, 215, 202, 214, 257, 180, 155, 187, 179, 139, 162, 130, 92, 283, 344, 194, 59, 327, 234, 178, 65, 179
|385, 382, 413, 379, 386, 367, 371, 382, 394, 310, 349, 354, 340, 332, 308, 295, 284, 272, 285, 295, 308, 131, 135, 144, 137, 98, 106, 141, 145, 181, 164, 163, 162, 191, 147, 212, 236, 221, 245, 218, 343, 346, 314, 312, 312, 308, 206, 211, 180, 221, 209, 217, 191, 195, 171, 28, 43, 29, 34, 0, 35, 12, 209, 177, 225, 171, 220, 189, 248, 243, 273, 245, 262, 262, 265, 367, 335, 341, 366, 366, 363, 363, 310, 358, 241, 266, 267, 291, 294, 260, 264, 275, 423, 422, 404, 399, 423, 176, 223, 202, 183, 171, 184, 225, 162, 151, 175, 168, 130, 152, 118, 124, 278, 373, 182, 85, 329, 254, 211, 54, 147
|366, 363, 396, 363, 368, 349, 353, 364, 376, 316, 351, 357, 344, 334, 340, 325, 316, 304, 317, 326, 340, 165, 169, 178, 171, 132, 140, 173, 141, 168, 156, 158, 157, 183, 140, 179, 204, 191, 216, 188, 309, 311, 280, 278, 277, 274, 188, 193, 173, 209, 196, 207, 181, 186, 156, 28, 34, 22, 2, 35, 0, 35, 223, 198, 243, 190, 239, 202, 214, 209, 239, 213, 229, 228, 233, 339, 308, 313, 339, 340, 336, 335, 284, 332, 227, 254, 258, 278, 282, 245, 253, 263, 420, 415, 400, 393, 421, 209, 255, 233, 216, 203, 215, 258, 182, 156, 188, 180, 141, 164, 132, 91, 282, 342, 196, 57, 326, 232, 176, 67, 180
|375, 371, 402, 368, 376, 357, 361, 372, 383, 299, 338, 343, 329, 321, 306, 291, 282, 269, 283, 292, 305, 134, 140, 148, 142, 101, 112, 147, 134, 170, 153, 152, 150, 179, 136, 207, 230, 215, 238, 211, 339, 342, 311, 309, 309, 305, 214, 219, 190, 230, 218, 227, 201, 205, 180, 19, 51, 22, 34, 12, 35, 0, 199, 169, 216, 162, 212, 179, 248, 243, 273, 247, 263, 263, 268, 359, 327, 333, 358, 357, 355, 355, 301, 349, 230, 255, 256, 280, 283, 249, 253, 264, 412, 411, 393, 388, 412, 174, 220, 198, 181, 169, 181, 224, 173, 162, 186, 179, 141, 163, 130, 120, 267, 366, 193, 79, 318, 245, 209, 66, 145
|313, 313, 326, 292, 312, 299, 300, 306, 317, 117, 165, 169, 152, 156, 228, 187, 212, 197, 208, 190, 214, 217, 229, 229, 232, 205, 229, 258, 121, 155, 134, 117, 118, 129, 133, 302, 304, 290, 292, 279, 431, 439, 412, 413, 422, 405, 411, 416, 389, 429, 417, 426, 400, 404, 378, 197, 249, 203, 224, 209, 223, 199, 0, 53, 35, 47, 33, 23, 394, 384, 421, 411, 418, 418, 431, 376, 341, 354, 368, 353, 363, 372, 313, 346, 182, 186, 168, 208, 202, 196, 182, 193, 256, 277, 243, 248, 253, 166, 158, 142, 170, 151, 142, 181, 340, 353, 363, 359, 327, 345, 313, 255, 94, 411, 367, 216, 176, 248, 344, 259, 150
|355, 354, 370, 336, 354, 340, 342, 348, 360, 169, 218, 222, 205, 209, 193, 158, 174, 158, 171, 161, 182, 165, 177, 177, 180, 156, 180, 207, 131, 175, 151, 135, 134, 155, 143, 307, 315, 300, 307, 290, 442, 448, 419, 420, 426, 413, 382, 387, 353, 396, 384, 392, 366, 369, 347, 171, 218, 176, 198, 177, 198, 169, 53, 0, 51, 15, 47, 51, 388, 379, 415, 399, 410, 409, 420, 403, 367, 379, 397, 384, 392, 399, 340, 376, 215, 224, 209, 248, 243, 231, 220, 232, 309, 328, 295, 300, 306, 114, 114, 94, 118, 99, 92, 134, 293, 313, 318, 314, 285, 301, 270, 246, 147, 433, 322, 203, 228, 273, 340, 222, 97
|345, 345, 356, 323, 343, 331, 332, 337, 348, 130, 180, 183, 166, 175, 196, 154, 182, 167, 177, 157, 181, 212, 224, 222, 227, 205, 229, 254, 153, 190, 168, 151, 151, 164, 165, 334, 338, 323, 326, 313, 465, 472, 445, 446, 454, 438, 429, 434, 402, 445, 433, 441, 415, 418, 395, 216, 266, 222, 243, 225, 243, 216, 35, 51, 0, 54, 5, 53, 423, 414, 450, 438, 446, 446, 458, 411, 375, 388, 403, 387, 397, 406, 348, 380, 217, 220, 200, 241, 234, 230, 215, 226, 274, 299, 262, 270, 270, 151, 133, 120, 153, 136, 124, 157, 342, 363, 368, 364, 335, 351, 320, 282, 116, 445, 371, 241, 201, 283, 374, 271, 140
|341, 341, 357, 323, 340, 326, 328, 335, 346, 163, 211, 215, 198, 201, 207, 173, 188, 173, 185, 175, 197, 171, 183, 183, 186, 159, 183, 212, 117, 161, 137, 120, 120, 141, 129, 294, 301, 286, 293, 277, 428, 434, 406, 407, 413, 399, 376, 381, 349, 392, 379, 387, 362, 365, 342, 163, 213, 169, 190, 171, 190, 162, 47, 15, 54, 0, 50, 39, 376, 368, 404, 389, 399, 398, 409, 389, 353, 365, 382, 370, 377, 384, 325, 362, 201, 210, 196, 235, 230, 217, 207, 218, 301, 318, 286, 290, 298, 125, 128, 107, 130, 110, 104, 147, 294, 311, 319, 314, 283, 301, 269, 235, 139, 418, 322, 192, 217, 259, 328, 218, 105
|344, 345, 356, 323, 343, 331, 332, 337, 348, 132, 182, 185, 168, 176, 197, 155, 182, 167, 177, 158, 182, 208, 220, 219, 223, 202, 225, 250, 150, 187, 165, 148, 148, 162, 162, 331, 335, 320, 324, 310, 462, 469, 442, 443, 451, 435, 425, 430, 398, 441, 429, 436, 411, 414, 391, 212, 262, 218, 239, 220, 239, 212, 33, 47, 5, 50, 0, 50, 419, 410, 447, 434, 443, 442, 454, 409, 373, 386, 401, 386, 396, 404, 346, 379, 215, 218, 200, 240, 233, 229, 214, 225, 276, 300, 264, 271, 272, 148, 132, 118, 151, 134, 122, 155, 338, 359, 364, 360, 331, 347, 316, 279, 117, 443, 368, 238, 202, 281, 370, 267, 137
