nScooters 	= 146;
nEmployees 	= 8;
dummy 	= 9;
TravelTime 	= [|0, 50, 47, 44, 42, 15, 24, 46, 263, 239, 245, 247, 227, 241, 400, 399, 404, 427, 428, 436, 390, 594, 611, 556, 589, 582, 614, 470, 499, 498, 488, 532, 270, 279, 284, 253, 267, 289, 245, 415, 458, 433, 419, 441, 403, 416, 454, 442, 501, 550, 539, 547, 534, 513, 527, 529, 530, 378, 369, 431, 397, 367, 366, 405, 396, 248, 198, 234, 214, 233, 219, 43, 15, 25, 43, 12, 42, 131, 124, 92, 131, 95, 102, 81, 91, 96, 102, 87, 48, 61, 48, 49, 42, 104, 115, 109, 126, 123, 260, 244, 266, 271, 283, 272, 246, 276, 238, 197, 202, 246, 250, 219, 403, 429, 441, 411, 427, 406, 410, 428, 298, 303, 284, 302, 297, 283, 267, 404, 422, 449, 454, 435, 590, 573, 577, 597, 595, 577, 591, 586, 174, 184, 182, 206, 194, 192, 543, 458, 426, 362, 517, 529, 474, 462, 486, 516, 466, 281, 164, 345, 353, 175
|50, 0, 80, 63, 38, 48, 28, 5, 252, 229, 235, 239, 218, 234, 372, 370, 377, 399, 399, 407, 364, 550, 568, 513, 547, 541, 571, 420, 449, 448, 438, 482, 225, 232, 242, 206, 220, 242, 201, 373, 415, 390, 376, 396, 358, 372, 409, 398, 452, 500, 490, 498, 485, 464, 477, 479, 481, 340, 330, 391, 357, 327, 326, 368, 356, 199, 148, 184, 164, 184, 169, 20, 61, 26, 74, 39, 46, 131, 142, 113, 130, 87, 102, 112, 116, 129, 134, 118, 86, 91, 67, 41, 69, 105, 109, 115, 125, 131, 248, 240, 260, 264, 274, 264, 238, 263, 241, 195, 205, 248, 249, 222, 379, 400, 418, 387, 400, 381, 383, 403, 249, 254, 235, 252, 248, 235, 219, 355, 373, 400, 405, 387, 544, 526, 530, 552, 548, 531, 545, 540, 152, 163, 156, 184, 164, 161, 508, 445, 382, 315, 471, 491, 441, 445, 438, 468, 426, 243, 119, 296, 304, 128
|47, 80, 0, 22, 47, 37, 61, 75, 310, 286, 292, 294, 274, 288, 445, 443, 449, 472, 473, 480, 436, 629, 648, 593, 626, 620, 650, 488, 520, 519, 507, 554, 273, 286, 281, 259, 273, 294, 247, 409, 455, 429, 414, 441, 402, 413, 452, 439, 513, 562, 551, 560, 545, 523, 540, 544, 543, 418, 409, 470, 436, 406, 405, 446, 435, 262, 217, 251, 232, 249, 238, 63, 34, 62, 6, 51, 39, 95, 78, 46, 96, 70, 69, 35, 45, 51, 56, 41, 11, 14, 20, 49, 12, 69, 85, 71, 91, 82, 306, 290, 312, 317, 329, 319, 293, 323, 283, 243, 247, 290, 296, 264, 449, 474, 487, 457, 472, 451, 455, 474, 324, 325, 308, 327, 323, 313, 297, 430, 448, 476, 480, 464, 622, 604, 608, 630, 625, 609, 623, 618, 219, 230, 227, 252, 238, 235, 585, 505, 461, 367, 549, 570, 517, 508, 493, 545, 505, 321, 198, 367, 364, 183
|44, 63, 22, 0, 27, 30, 50, 58, 304, 280, 286, 289, 268, 283, 433, 431, 438, 460, 460, 468, 424, 611, 629, 575, 609, 602, 632, 467, 499, 498, 486, 532, 252, 265, 261, 238, 252, 272, 226, 390, 435, 409, 394, 421, 381, 393, 432, 419, 492, 541, 530, 539, 523, 502, 518, 523, 522, 402, 393, 453, 419, 390, 388, 430, 418, 241, 195, 230, 211, 228, 217, 44, 36, 50, 17, 44, 19, 88, 83, 52, 88, 54, 59, 50, 54, 68, 72, 56, 32, 30, 5, 28, 12, 60, 73, 65, 82, 80, 300, 286, 308, 313, 324, 314, 288, 316, 282, 239, 245, 289, 293, 262, 438, 461, 477, 446, 460, 441, 443, 463, 304, 304, 287, 306, 303, 293, 277, 410, 427, 455, 460, 444, 602, 585, 588, 611, 605, 590, 603, 598, 209, 220, 215, 242, 225, 222, 570, 498, 442, 346, 530, 554, 503, 500, 472, 524, 488, 305, 180, 346, 342, 162
|42, 38, 47, 27, 0, 29, 34, 34, 286, 263, 269, 272, 251, 266, 409, 408, 415, 437, 437, 445, 401, 585, 603, 549, 583, 576, 606, 443, 474, 473, 462, 508, 233, 245, 245, 218, 232, 253, 208, 375, 420, 394, 380, 404, 365, 377, 416, 404, 470, 519, 508, 517, 502, 480, 496, 500, 500, 376, 367, 428, 393, 364, 362, 404, 392, 218, 171, 206, 187, 204, 192, 19, 42, 33, 41, 35, 8, 98, 105, 75, 97, 57, 68, 76, 78, 94, 98, 83, 55, 56, 30, 8, 35, 71, 79, 80, 92, 96, 282, 271, 292, 296, 307, 297, 271, 297, 269, 225, 233, 276, 279, 250, 416, 438, 455, 424, 437, 419, 420, 440, 278, 279, 262, 280, 277, 267, 251, 384, 402, 429, 434, 418, 576, 559, 562, 585, 579, 563, 577, 572, 188, 199, 193, 221, 202, 198, 545, 480, 416, 326, 503, 528, 478, 481, 452, 499, 463, 279, 154, 321, 321, 141
|15, 48, 37, 30, 29, 0, 25, 43, 275, 251, 258, 260, 239, 254, 409, 407, 413, 436, 437, 444, 399, 597, 614, 559, 593, 586, 617, 466, 496, 495, 484, 529, 261, 271, 274, 244, 259, 280, 236, 404, 448, 423, 408, 432, 393, 405, 444, 432, 495, 544, 533, 541, 527, 506, 521, 524, 524, 383, 374, 436, 402, 371, 370, 411, 400, 242, 193, 229, 209, 228, 214, 36, 14, 26, 32, 15, 28, 117, 111, 79, 117, 80, 87, 71, 79, 87, 93, 77, 40, 50, 34, 36, 29, 89, 100, 95, 111, 109, 272, 257, 279, 284, 295, 285, 259, 288, 252, 210, 216, 259, 263, 233, 413, 437, 451, 421, 436, 415, 419, 438, 296, 300, 281, 299, 295, 283, 267, 402, 420, 447, 453, 435, 591, 574, 578, 599, 595, 578, 592, 587, 183, 194, 191, 216, 202, 199, 549, 470, 428, 353, 518, 535, 481, 473, 478, 516, 470, 286, 165, 342, 346, 167
|24, 28, 61, 50, 34, 25, 0, 24, 254, 231, 237, 240, 219, 234, 384, 383, 389, 412, 412, 420, 375, 572, 590, 535, 568, 561, 593, 447, 476, 475, 465, 509, 250, 259, 266, 232, 246, 268, 226, 397, 440, 415, 401, 422, 384, 397, 435, 423, 479, 527, 517, 525, 512, 491, 504, 506, 508, 358, 349, 411, 377, 347, 346, 386, 375, 226, 175, 211, 191, 211, 196, 26, 36, 3, 56, 13, 39, 132, 133, 101, 131, 90, 102, 95, 103, 112, 117, 102, 65, 74, 54, 41, 52, 104, 112, 112, 126, 128, 250, 238, 259, 264, 275, 265, 238, 266, 235, 191, 199, 243, 245, 216, 389, 413, 427, 397, 412, 391, 395, 414, 275, 280, 261, 278, 274, 260, 244, 381, 399, 426, 431, 412, 568, 550, 555, 575, 572, 555, 568, 564, 160, 170, 166, 192, 177, 174, 524, 448, 404, 341, 495, 510, 456, 451, 465, 493, 446, 261, 142, 322, 331, 154
|46, 5, 75, 58, 34, 43, 24, 0, 255, 232, 238, 242, 220, 236, 376, 375, 381, 404, 404, 412, 368, 555, 573, 518, 552, 546, 576, 424, 454, 453, 443, 487, 228, 236, 244, 209, 224, 245, 204, 375, 418, 393, 379, 399, 361, 375, 412, 401, 456, 504, 494, 502, 489, 468, 481, 484, 485, 344, 335, 396, 362, 332, 331, 372, 361, 203, 153, 189, 168, 188, 173, 16, 56, 21, 69, 35, 41, 128, 138, 108, 127, 84, 99, 107, 111, 125, 129, 114, 81, 86, 62, 37, 64, 102, 106, 111, 122, 128, 251, 243, 263, 267, 276, 267, 241, 266, 242, 197, 207, 250, 251, 223, 383, 405, 422, 391, 404, 385, 387, 407, 254, 258, 239, 257, 253, 240, 224, 360, 378, 405, 410, 392, 549, 531, 535, 557, 553, 536, 550, 545, 156, 166, 160, 188, 169, 165, 512, 448, 387, 318, 476, 496, 446, 448, 442, 473, 431, 247, 124, 300, 308, 131
|263, 252, 310, 304, 286, 275, 254, 255, 0, 26, 20, 24, 38, 29, 174, 171, 172, 194, 199, 204, 156, 442, 451, 398, 420, 413, 456, 454, 467, 466, 469, 486, 388, 378, 419, 362, 373, 390, 375, 534, 563, 543, 534, 530, 505, 522, 549, 544, 520, 557, 552, 556, 553, 539, 536, 526, 541, 220, 211, 268, 246, 218, 224, 232, 240, 323, 283, 304, 288, 309, 289, 270, 277, 255, 306, 261, 292, 382, 386, 354, 381, 338, 353, 343, 354, 356, 363, 349, 310, 323, 308, 291, 304, 356, 360, 365, 376, 381, 5, 47, 35, 31, 26, 24, 23, 18, 74, 78, 88, 74, 56, 78, 162, 200, 189, 168, 192, 162, 177, 186, 285, 314, 292, 296, 286, 257, 248, 353, 371, 384, 393, 361, 469, 454, 465, 468, 482, 455, 465, 465, 104, 95, 111, 79, 118, 126, 332, 195, 305, 444, 403, 339, 262, 200, 538, 429, 295, 167, 201, 343, 406, 312
|239, 229, 286, 280, 263, 251, 231, 232, 26, 0, 7, 13, 13, 12, 195, 192, 194, 216, 221, 226, 178, 458, 468, 414, 438, 430, 473, 455, 470, 469, 471, 491, 375, 367, 406, 349, 361, 379, 361, 523, 554, 534, 525, 522, 496, 513, 541, 535, 519, 557, 552, 556, 552, 537, 536, 527, 541, 233, 223, 283, 259, 229, 234, 247, 253, 312, 270, 293, 276, 298, 278, 247, 253, 232, 281, 237, 269, 359, 362, 330, 358, 315, 330, 319, 330, 332, 339, 324, 285, 299, 284, 268, 280, 333, 338, 342, 353, 358, 23, 34, 37, 39, 45, 36, 11, 42, 60, 54, 66, 62, 46, 59, 185, 222, 213, 192, 215, 185, 200, 210, 282, 310, 287, 292, 283, 254, 244, 356, 374, 390, 398, 367, 482, 466, 477, 481, 494, 468, 478, 478, 86, 79, 96, 66, 107, 114, 353, 219, 315, 436, 414, 358, 282, 225, 534, 438, 311, 170, 187, 341, 400, 296
|245, 235, 292, 286, 269, 258, 237, 238, 20, 7, 0, 11, 19, 13, 191, 188, 189, 212, 217, 222, 174, 455, 465, 411, 435, 427, 470, 456, 471, 470, 472, 491, 379, 371, 410, 353, 365, 383, 366, 527, 557, 537, 528, 525, 499, 516, 545, 538, 520, 559, 553, 558, 554, 539, 537, 528, 542, 231, 221, 281, 257, 227, 233, 245, 251, 316, 275, 297, 280, 302, 282, 253, 259, 238, 288, 243, 275, 365, 368, 336, 364, 321, 336, 325, 336, 338, 345, 330, 291, 305, 290, 274, 286, 339, 344, 348, 359, 364, 18, 34, 34, 34, 39, 31, 9, 36, 61, 59, 70, 62, 46, 62, 180, 217, 208, 187, 210, 180, 195, 204, 284, 312, 290, 294, 285, 256, 246, 357, 375, 390, 398, 367, 480, 464, 475, 479, 493, 466, 477, 476, 91, 83, 101, 70, 110, 118, 349, 213, 314, 439, 412, 354, 278, 219, 536, 437, 308, 171, 192, 343, 403, 301
|247, 239, 294, 289, 272, 260, 240, 242, 24, 13, 11, 0, 22, 7, 197, 194, 195, 217, 223, 227, 180, 464, 474, 420, 443, 436, 478, 467, 481, 480, 482, 502, 388, 380, 419, 362, 374, 392, 374, 536, 567, 546, 537, 535, 508, 525, 554, 548, 531, 569, 564, 568, 564, 549, 548, 538, 553, 240, 231, 290, 266, 237, 243, 253, 261, 325, 283, 306, 289, 311, 291, 256, 261, 241, 289, 246, 278, 369, 370, 338, 368, 325, 339, 326, 338, 339, 346, 332, 293, 307, 293, 277, 288, 342, 348, 351, 363, 367, 24, 25, 25, 26, 36, 26, 3, 41, 51, 56, 65, 53, 36, 55, 185, 223, 211, 191, 215, 185, 201, 209, 295, 322, 300, 305, 295, 266, 256, 367, 385, 400, 409, 377, 490, 474, 485, 489, 502, 476, 486, 486, 98, 91, 109, 79, 119, 127, 356, 212, 324, 448, 422, 362, 285, 219, 546, 447, 317, 181, 200, 353, 413, 308
|227, 218, 274, 268, 251, 239, 219, 220, 38, 13, 19, 22, 0, 17, 206, 203, 205, 228, 232, 237, 189, 465, 476, 421, 446, 439, 480, 455, 471, 470, 472, 493, 369, 361, 399, 343, 355, 373, 354, 517, 549, 528, 519, 518, 490, 507, 537, 530, 517, 557, 551, 556, 551, 536, 535, 527, 540, 239, 229, 290, 265, 234, 239, 254, 260, 307, 264, 288, 270, 293, 272, 235, 241, 220, 269, 225, 257, 347, 350, 318, 347, 304, 318, 306, 317, 319, 326, 312, 273, 287, 272, 256, 267, 321, 326, 330, 341, 346, 35, 35, 45, 48, 57, 47, 21, 54, 57, 42, 56, 60, 47, 52, 197, 233, 226, 203, 226, 197, 211, 221, 281, 307, 285, 290, 281, 253, 242, 357, 376, 392, 400, 369, 488, 472, 482, 487, 499, 474, 484, 484, 77, 71, 90, 62, 102, 109, 363, 232, 320, 431, 419, 367, 292, 237, 531, 442, 319, 172, 180, 339, 396, 288
|241, 234, 288, 283, 266, 254, 234, 236, 29, 12, 13, 7, 17, 0, 202, 199, 201, 223, 228, 233, 185, 468, 477, 424, 447, 440, 482, 467, 482, 481, 483, 503, 385, 377, 415, 359, 371, 389, 370, 533, 564, 544, 534, 533, 506, 523, 552, 545, 530, 569, 563, 568, 564, 548, 547, 538, 552, 243, 234, 293, 269, 240, 245, 257, 264, 322, 280, 303, 286, 308, 288, 251, 255, 235, 283, 240, 272, 363, 364, 332, 362, 320, 333, 320, 332, 333, 340, 325, 287, 301, 287, 271, 282, 336, 342, 345, 357, 361, 29, 23, 29, 32, 42, 31, 7, 47, 49, 50, 59, 51, 35, 50, 191, 229, 217, 197, 221, 191, 206, 215, 293, 321, 298, 303, 294, 265, 255, 367, 386, 401, 410, 378, 493, 477, 487, 492, 505, 478, 489, 488, 94, 87, 105, 76, 117, 124, 361, 218, 326, 446, 424, 366, 290, 225, 545, 449, 321, 182, 196, 352, 411, 304
|400, 372, 445, 433, 409, 409, 384, 376, 174, 195, 191, 197, 206, 202, 0, 4, 13, 29, 28, 36, 22, 285, 290, 241, 256, 249, 295, 382, 382, 381, 392, 389, 418, 399, 454, 394, 401, 410, 416, 538, 554, 541, 537, 515, 502, 520, 537, 535, 460, 485, 484, 485, 490, 482, 468, 451, 473, 109, 107, 129, 127, 118, 127, 97, 120, 347, 331, 333, 327, 340, 325, 391, 415, 384, 440, 395, 417, 495, 513, 484, 493, 452, 469, 479, 486, 495, 501, 485, 448, 458, 437, 412, 436, 473, 472, 484, 489, 501, 174, 219, 201, 194, 177, 187, 196, 157, 245, 247, 261, 244, 226, 252, 34, 29, 73, 38, 30, 40, 16, 43, 268, 300, 286, 278, 269, 244, 246, 279, 292, 292, 302, 267, 327, 314, 328, 320, 343, 313, 320, 323, 228, 218, 219, 197, 208, 212, 159, 155, 190, 439, 272, 170, 89, 131, 497, 313, 142, 154, 273, 308, 391, 377
|399, 370, 443, 431, 408, 407, 383, 375, 171, 192, 188, 194, 203, 199, 4, 0, 11, 30, 30, 38, 18, 289, 293, 245, 260, 253, 299, 385, 385, 384, 395, 392, 419, 400, 454, 395, 401, 411, 417, 540, 556, 542, 538, 517, 504, 521, 538, 537, 463, 488, 487, 488, 493, 484, 471, 454, 476, 112, 109, 133, 130, 121, 130, 100, 123, 348, 331, 334, 327, 340, 325, 390, 413, 383, 438, 393, 415, 494, 512, 482, 492, 450, 468, 477, 484, 493, 499, 484, 446, 456, 435, 411, 435, 472, 471, 483, 488, 500, 171, 216, 197, 191, 173, 183, 193, 154, 242, 244, 258, 240, 222, 248, 31, 31, 71, 35, 31, 36, 15, 42, 269, 302, 287, 279, 271, 245, 247, 282, 295, 296, 305, 270, 331, 317, 332, 324, 347, 317, 324, 327, 226, 216, 217, 195, 207, 211, 162, 152, 193, 441, 275, 174, 92, 128, 500, 316, 146, 154, 273, 310, 393, 377
|404, 377, 449, 438, 415, 413, 389, 381, 172, 194, 189, 195, 205, 201, 13, 11, 0, 24, 28, 33, 16, 294, 298, 250, 264, 257, 303, 394, 394, 393, 405, 402, 429, 410, 464, 405, 411, 421, 426, 550, 566, 552, 549, 527, 514, 532, 549, 547, 473, 498, 497, 498, 503, 494, 481, 463, 486, 121, 119, 141, 140, 131, 140, 109, 133, 358, 340, 343, 336, 350, 335, 397, 419, 389, 444, 399, 422, 501, 519, 489, 500, 458, 475, 484, 491, 499, 505, 490, 452, 463, 442, 418, 441, 479, 478, 490, 496, 507, 173, 217, 197, 190, 173, 183, 194, 155, 242, 247, 259, 240, 223, 250, 22, 29, 61, 25, 23, 27, 6, 32, 279, 312, 297, 289, 281, 255, 257, 292, 305, 305, 314, 280, 337, 324, 339, 330, 354, 324, 331, 333, 232, 222, 223, 200, 213, 217, 162, 143, 202, 451, 283, 177, 93, 118, 510, 325, 152, 164, 281, 321, 403, 386
|427, 399, 472, 460, 437, 436, 412, 404, 194, 216, 212, 217, 228, 223, 29, 30, 24, 0, 11, 11, 39, 281, 284, 238, 250, 243, 290, 399, 396, 396, 409, 402, 445, 426, 480, 421, 427, 436, 443, 563, 577, 564, 561, 538, 526, 544, 560, 559, 478, 501, 501, 501, 507, 500, 485, 467, 490, 128, 128, 139, 144, 139, 148, 111, 137, 374, 359, 360, 354, 367, 353, 419, 442, 412, 467, 422, 444, 523, 541, 511, 522, 480, 497, 506, 513, 522, 528, 512, 475, 485, 464, 440, 464, 501, 500, 512, 517, 529, 195, 238, 218, 211, 194, 204, 216, 177, 263, 269, 281, 261, 244, 271, 35, 11, 55, 33, 5, 38, 18, 24, 293, 325, 312, 303, 295, 270, 273, 298, 309, 308, 317, 283, 328, 316, 331, 320, 346, 315, 321, 325, 255, 244, 246, 223, 236, 240, 142, 143, 203, 464, 278, 161, 76, 115, 518, 322, 145, 182, 302, 331, 415, 405
|428, 399, 473, 460, 437, 437, 412, 404, 199, 221, 217, 223, 232, 228, 28, 30, 28, 11, 0, 10, 44, 271, 274, 227, 240, 233, 280, 389, 386, 386, 399, 391, 439, 420, 475, 416, 422, 430, 438, 555, 569, 557, 554, 530, 519, 536, 552, 551, 469, 491, 491, 491, 497, 490, 475, 457, 480, 120, 120, 128, 134, 131, 140, 101, 127, 369, 355, 355, 350, 362, 348, 419, 443, 412, 467, 422, 444, 522, 541, 511, 520, 479, 496, 507, 514, 523, 529, 513, 475, 486, 464, 440, 464, 500, 499, 511, 516, 528, 200, 244, 225, 218, 200, 210, 222, 182, 270, 274, 286, 268, 250, 277, 44, 1, 66, 43, 16, 48, 23, 35, 286, 318, 305, 296, 288, 264, 267, 289, 300, 298, 307, 273, 318, 306, 321, 310, 335, 305, 311, 314, 256, 246, 246, 225, 236, 239, 135, 154, 193, 456, 267, 152, 67, 125, 509, 312, 134, 178, 299, 324, 408, 401
|436, 407, 480, 468, 445, 444, 420, 412, 204, 226, 222, 227, 237, 233, 36, 38, 33, 11, 10, 0, 49, 272, 275, 229, 241, 234, 281, 396, 393, 392, 406, 398, 449, 429, 484, 425, 431, 439, 447, 564, 578, 566, 563, 539, 528, 545, 560, 560, 476, 498, 499, 498, 505, 498, 482, 464, 487, 128, 129, 135, 142, 140, 149, 108, 135, 378, 364, 364, 359, 371, 357, 427, 450, 420, 475, 430, 452, 530, 549, 519, 529, 487, 505, 514, 521, 530, 536, 521, 483, 494, 472, 448, 472, 508, 507, 519, 525, 536, 205, 248, 229, 222, 204, 214, 226, 187, 274, 279, 291, 272, 254, 282, 45, 9, 60, 42, 14, 48, 27, 31, 295, 327, 314, 305, 297, 273, 276, 296, 307, 305, 314, 280, 321, 309, 324, 312, 339, 308, 314, 317, 263, 253, 254, 232, 244, 247, 132, 149, 200, 465, 272, 152, 67, 120, 517, 317, 139, 187, 308, 332, 416, 410
|390, 364, 436, 424, 401, 399, 375, 368, 156, 178, 174, 180, 189, 185, 22, 18, 16, 39, 44, 49, 0, 306, 310, 262, 277, 270, 316, 397, 398, 397, 408, 406, 422, 404, 457, 397, 404, 415, 418, 546, 563, 549, 544, 525, 510, 528, 546, 544, 474, 500, 499, 500, 504, 495, 483, 466, 488, 123, 120, 148, 144, 131, 141, 115, 137, 351, 331, 336, 328, 343, 327, 383, 405, 375, 430, 385, 408, 489, 505, 475, 487, 445, 462, 470, 477, 485, 491, 476, 438, 449, 428, 404, 427, 466, 466, 477, 483, 494, 157, 201, 182, 175, 158, 168, 179, 139, 227, 231, 244, 225, 207, 234, 20, 44, 65, 27, 38, 26, 22, 41, 275, 307, 292, 285, 277, 250, 251, 293, 307, 309, 318, 283, 347, 334, 348, 341, 364, 334, 341, 343, 217, 207, 209, 185, 200, 205, 177, 141, 207, 447, 291, 191, 108, 118, 509, 331, 163, 156, 270, 318, 400, 376
|594, 550, 629, 611, 585, 597, 572, 555, 442, 458, 455, 464, 465, 468, 285, 289, 294, 281, 271, 272, 306, 0, 25, 45, 43, 47, 23, 274, 246, 246, 270, 225, 467, 442, 497, 454, 451, 447, 481, 514, 503, 504, 509, 464, 475, 489, 483, 490, 346, 340, 348, 342, 359, 365, 335, 310, 339, 229, 239, 176, 204, 236, 234, 211, 208, 415, 436, 414, 423, 419, 418, 567, 608, 571, 624, 585, 592, 642, 678, 655, 639, 606, 625, 660, 660, 678, 682, 667, 636, 640, 614, 584, 619, 629, 620, 641, 637, 656, 441, 488, 474, 468, 452, 460, 462, 427, 515, 503, 520, 515, 497, 516, 314, 271, 328, 313, 285, 318, 291, 303, 323, 338, 344, 325, 324, 324, 338, 234, 226, 199, 202, 193, 73, 75, 91, 55, 93, 69, 63, 72, 452, 445, 434, 429, 416, 415, 168, 414, 169, 428, 100, 125, 208, 382, 407, 145, 148, 318, 432, 310, 382, 486
|611, 568, 648, 629, 603, 614, 590, 573, 451, 468, 465, 474, 476, 477, 290, 293, 298, 284, 274, 275, 310, 25, 0, 56, 35, 42, 7, 298, 270, 270, 294, 248, 490, 465, 520, 477, 474, 470, 504, 538, 528, 528, 533, 488, 499, 513, 508, 515, 370, 363, 371, 364, 383, 389, 359, 333, 362, 242, 252, 188, 218, 250, 249, 222, 222, 437, 457, 435, 444, 441, 439, 586, 625, 589, 642, 602, 611, 662, 698, 674, 660, 626, 644, 679, 679, 697, 701, 685, 654, 659, 633, 603, 637, 649, 640, 661, 657, 676, 451, 497, 483, 477, 460, 469, 472, 436, 524, 514, 531, 524, 506, 526, 317, 274, 329, 316, 288, 321, 294, 305, 344, 361, 366, 347, 346, 344, 358, 258, 250, 223, 226, 216, 93, 98, 112, 73, 113, 91, 83, 93, 466, 458, 448, 442, 431, 430, 161, 413, 188, 452, 124, 124, 209, 381, 431, 169, 157, 334, 450, 333, 405, 507
|556, 513, 593, 575, 549, 559, 535, 518, 398, 414, 411, 420, 421, 424, 241, 245, 250, 238, 227, 229, 262, 45, 56, 0, 38, 34, 60, 270, 247, 247, 269, 232, 444, 419, 476, 429, 428, 425, 456, 503, 497, 495, 498, 457, 464, 478, 477, 482, 347, 347, 353, 349, 364, 367, 340, 315, 344, 186, 196, 133, 163, 194, 193, 167, 166, 388, 405, 385, 392, 391, 388, 531, 570, 534, 587, 547, 556, 609, 644, 620, 607, 572, 591, 624, 625, 642, 646, 631, 599, 604, 578, 549, 582, 595, 587, 607, 604, 623, 397, 444, 430, 424, 408, 416, 418, 383, 471, 459, 477, 471, 453, 472, 270, 227, 286, 269, 242, 274, 247, 260, 293, 312, 316, 297, 295, 292, 305, 214, 210, 186, 191, 174, 100, 94, 111, 86, 120, 90, 91, 97, 410, 403, 393, 387, 375, 374, 133, 373, 135, 413, 92, 86, 165, 341, 405, 145, 104, 278, 395, 288, 365, 456
|589, 547, 626, 609, 583, 593, 568, 552, 420, 438, 435, 443, 446, 447, 256, 260, 264, 250, 240, 241, 277, 43, 35, 38, 0, 8, 41, 303, 279, 278, 301, 260, 482, 456, 513, 467, 465, 462, 493, 539, 531, 530, 534, 492, 500, 514, 512, 518, 379, 376, 383, 378, 394, 399, 370, 345, 374, 215, 225, 161, 193, 225, 224, 193, 196, 425, 441, 422, 429, 428, 425, 565, 603, 567, 621, 580, 590, 645, 679, 655, 643, 608, 626, 658, 659, 676, 680, 665, 632, 638, 612, 583, 616, 630, 622, 642, 640, 658, 420, 467, 451, 445, 429, 437, 441, 405, 494, 485, 502, 493, 475, 496, 283, 240, 294, 282, 254, 287, 261, 270, 330, 350, 353, 334, 332, 328, 341, 252, 246, 222, 226, 211, 115, 114, 130, 97, 135, 109, 105, 113, 439, 431, 422, 415, 405, 404, 128, 378, 171, 450, 126, 90, 174, 346, 438, 176, 128, 309, 429, 325, 402, 492
|582, 541, 620, 602, 576, 586, 561, 546, 413, 430, 427, 436, 439, 440, 249, 253, 257, 243, 233, 234, 270, 47, 42, 34, 8, 0, 48, 302, 278, 278, 300, 260, 477, 452, 509, 462, 460, 458, 489, 536, 530, 528, 532, 489, 497, 512, 510, 516, 378, 376, 383, 378, 394, 398, 370, 345, 374, 208, 218, 154, 186, 218, 217, 186, 189, 420, 436, 417, 424, 423, 419, 558, 596, 561, 614, 574, 584, 639, 673, 649, 637, 602, 620, 652, 653, 669, 674, 658, 626, 631, 606, 576, 609, 624, 617, 636, 634, 652, 413, 459, 444, 438, 421, 430, 434, 397, 486, 478, 494, 486, 468, 489, 276, 233, 288, 275, 247, 280, 254, 264, 325, 345, 348, 329, 327, 322, 336, 248, 243, 219, 224, 208, 118, 116, 133, 100, 138, 111, 107, 116, 432, 424, 415, 408, 398, 398, 122, 372, 165, 446, 124, 83, 168, 340, 437, 175, 121, 303, 423, 321, 398, 487
|614, 571, 650, 632, 606, 617, 593, 576, 456, 473, 470, 478, 480, 482, 295, 299, 303, 290, 280, 281, 316, 23, 7, 60, 41, 48, 0, 295, 267, 267, 291, 244, 490, 465, 520, 477, 474, 470, 504, 536, 525, 526, 531, 486, 497, 511, 505, 512, 366, 359, 367, 360, 379, 385, 355, 329, 358, 246, 256, 192, 222, 254, 252, 227, 226, 438, 458, 436, 445, 442, 440, 588, 628, 592, 644, 605, 613, 663, 699, 676, 661, 628, 646, 681, 681, 699, 703, 688, 656, 661, 635, 605, 639, 650, 641, 662, 659, 678, 455, 502, 488, 482, 466, 474, 477, 441, 529, 519, 536, 529, 511, 531, 323, 280, 335, 322, 294, 327, 300, 311, 345, 361, 367, 347, 346, 345, 360, 257, 249, 222, 225, 216, 88, 94, 108, 68, 108, 87, 78, 88, 470, 462, 452, 446, 434, 433, 168, 419, 190, 451, 123, 130, 215, 387, 428, 166, 162, 337, 452, 333, 404, 509
|470, 420, 488, 467, 443, 466, 447, 424, 454, 455, 456, 467, 455, 467, 382, 385, 394, 399, 389, 396, 397, 274, 298, 270, 303, 302, 295, 0, 37, 37, 19, 74, 245, 222, 264, 245, 235, 221, 268, 245, 231, 233, 240, 192, 208, 219, 211, 218, 82, 105, 103, 105, 109, 104, 87, 73, 92, 274, 277, 266, 256, 266, 257, 289, 263, 227, 273, 238, 257, 240, 252, 431, 479, 445, 483, 459, 450, 463, 510, 497, 460, 440, 456, 511, 505, 528, 530, 517, 497, 495, 469, 440, 477, 460, 446, 471, 460, 483, 450, 488, 487, 484, 476, 477, 464, 446, 511, 477, 497, 515, 501, 502, 415, 390, 453, 419, 403, 420, 396, 421, 183, 168, 190, 176, 183, 208, 222, 105, 90, 95, 87, 118, 216, 205, 195, 235, 205, 212, 224, 215, 400, 399, 381, 397, 363, 356, 375, 536, 199, 174, 179, 326, 361, 512, 136, 130, 278, 287, 322, 127, 141, 309
|499, 449, 520, 499, 474, 496, 476, 454, 467, 470, 471, 481, 471, 482, 382, 385, 394, 396, 386, 393, 398, 246, 270, 247, 279, 278, 267, 37, 0, 1, 25, 37, 282, 258, 301, 280, 271, 257, 304, 279, 262, 266, 273, 224, 243, 254, 242, 251, 101, 107, 110, 107, 119, 121, 95, 72, 99, 275, 280, 260, 255, 269, 260, 286, 262, 260, 304, 269, 288, 272, 283, 461, 509, 474, 515, 488, 481, 497, 544, 530, 495, 473, 490, 543, 537, 561, 562, 549, 529, 527, 501, 471, 509, 494, 479, 505, 494, 517, 464, 504, 501, 498, 488, 490, 479, 458, 527, 495, 516, 531, 516, 520, 415, 387, 451, 419, 401, 421, 395, 420, 207, 197, 217, 201, 207, 230, 245, 115, 97, 90, 80, 115, 185, 175, 164, 204, 172, 182, 193, 183, 420, 419, 401, 415, 382, 376, 360, 536, 194, 210, 156, 310, 353, 511, 161, 103, 268, 301, 347, 154, 178, 342
|498, 448, 519, 498, 473, 495, 475, 453, 466, 469, 470, 480, 470, 481, 381, 384, 393, 396, 386, 392, 397, 246, 270, 247, 278, 278, 267, 37, 1, 0, 25, 38, 281, 257, 300, 279, 270, 256, 303, 279, 262, 265, 273, 224, 243, 253, 242, 251, 101, 108, 110, 108, 120, 121, 95, 73, 100, 274, 279, 259, 254, 268, 259, 286, 261, 259, 303, 269, 287, 271, 282, 460, 508, 473, 514, 487, 480, 496, 543, 529, 494, 473, 489, 543, 536, 560, 561, 548, 528, 526, 500, 470, 508, 493, 479, 504, 493, 516, 463, 503, 500, 497, 487, 489, 478, 457, 526, 494, 515, 530, 515, 519, 414, 386, 451, 418, 400, 420, 394, 419, 206, 196, 216, 200, 206, 229, 244, 114, 96, 89, 80, 114, 185, 175, 164, 204, 173, 182, 193, 183, 419, 418, 400, 414, 381, 375, 360, 536, 193, 210, 155, 310, 352, 510, 162, 103, 267, 300, 346, 153, 177, 341
|488, 438, 507, 486, 462, 484, 465, 443, 469, 471, 472, 482, 472, 483, 392, 395, 405, 409, 399, 406, 408, 270, 294, 269, 301, 300, 291, 19, 25, 25, 0, 60, 262, 239, 280, 262, 252, 238, 285, 255, 237, 241, 249, 199, 218, 229, 217, 226, 79, 93, 93, 93, 101, 100, 78, 59, 82, 285, 289, 274, 266, 278, 269, 298, 273, 246, 291, 256, 276, 258, 270, 449, 498, 463, 502, 477, 468, 480, 528, 516, 478, 458, 474, 530, 523, 546, 548, 535, 516, 513, 488, 458, 496, 478, 464, 489, 478, 501, 466, 504, 503, 500, 491, 493, 480, 461, 527, 494, 514, 531, 517, 519, 425, 399, 463, 430, 413, 431, 406, 431, 201, 187, 208, 194, 201, 225, 239, 118, 102, 102, 93, 126, 209, 199, 188, 229, 197, 206, 218, 208, 417, 416, 398, 414, 379, 374, 379, 547, 207, 188, 177, 329, 368, 522, 138, 126, 284, 303, 340, 145, 158, 327
|532, 482, 554, 532, 508, 529, 509, 487, 486, 491, 491, 502, 493, 503, 389, 392, 402, 402, 391, 398, 406, 225, 248, 232, 260, 260, 244, 74, 37, 38, 60, 0, 318, 295, 338, 316, 307, 294, 340, 312, 292, 298, 306, 256, 277, 287, 272, 282, 125, 117, 123, 118, 135, 143, 111, 86, 115, 285, 291, 264, 263, 281, 273, 293, 270, 295, 338, 304, 322, 307, 316, 494, 542, 507, 548, 521, 515, 533, 579, 565, 531, 509, 525, 578, 572, 595, 597, 584, 562, 561, 535, 505, 542, 529, 515, 540, 530, 552, 483, 525, 521, 517, 506, 509, 500, 476, 549, 519, 539, 552, 537, 542, 423, 392, 457, 426, 406, 428, 402, 425, 237, 229, 248, 232, 237, 258, 273, 138, 119, 103, 94, 127, 159, 151, 138, 179, 144, 158, 168, 158, 446, 443, 426, 438, 407, 402, 352, 543, 200, 247, 143, 301, 352, 516, 188, 89, 266, 322, 377, 187, 214, 377
|270, 225, 273, 252, 233, 261, 250, 228, 388, 375, 379, 388, 369, 385, 418, 419, 429, 445, 439, 449, 422, 467, 490, 444, 482, 477, 490, 245, 282, 281, 262, 318, 0, 26, 36, 27, 18, 25, 27, 153, 192, 168, 156, 172, 134, 149, 185, 174, 248, 298, 286, 296, 278, 255, 277, 286, 279, 332, 327, 364, 333, 318, 311, 361, 337, 72, 105, 88, 101, 81, 100, 227, 275, 248, 269, 260, 238, 224, 275, 269, 222, 212, 225, 287, 277, 302, 302, 292, 283, 276, 253, 228, 263, 228, 211, 238, 223, 246, 383, 401, 412, 413, 413, 409, 386, 389, 414, 368, 386, 421, 413, 398, 441, 440, 487, 449, 448, 446, 433, 460, 161, 135, 139, 154, 159, 178, 173, 234, 244, 274, 274, 275, 433, 417, 414, 447, 429, 423, 437, 430, 293, 298, 280, 310, 270, 263, 497, 546, 318, 95, 370, 461, 450, 534, 221, 343, 394, 267, 189, 158, 105, 98
|279, 232, 286, 265, 245, 271, 259, 236, 378, 367, 371, 380, 361, 377, 399, 400, 410, 426, 420, 429, 404, 442, 465, 419, 456, 452, 465, 222, 258, 257, 239, 295, 26, 0, 58, 27, 14, 13, 46, 157, 191, 169, 158, 166, 133, 148, 182, 173, 230, 280, 268, 277, 260, 238, 258, 266, 261, 310, 306, 340, 311, 296, 289, 339, 315, 56, 100, 75, 92, 69, 90, 237, 285, 256, 282, 269, 250, 244, 294, 285, 242, 228, 242, 303, 293, 318, 319, 307, 296, 290, 266, 240, 276, 245, 229, 256, 242, 265, 374, 394, 404, 404, 404, 400, 378, 379, 409, 364, 382, 415, 406, 393, 423, 421, 469, 431, 429, 428, 415, 441, 139, 111, 117, 131, 137, 157, 154, 209, 219, 248, 249, 250, 407, 391, 388, 422, 403, 398, 412, 404, 286, 291, 272, 301, 261, 253, 474, 531, 293, 83, 344, 437, 428, 517, 208, 317, 370, 249, 183, 132, 83, 105
|284, 242, 281, 261, 245, 274, 266, 244, 419, 406, 410, 419, 399, 415, 454, 454, 464, 480, 475, 484, 457, 497, 520, 476, 513, 509, 520, 264, 301, 300, 280, 338, 36, 58, 0, 61, 54, 51, 46, 131, 175, 149, 135, 162, 121, 133, 172, 159, 257, 306, 293, 304, 284, 261, 285, 298, 288, 367, 362, 398, 368, 353, 346, 396, 372, 107, 137, 122, 134, 116, 134, 242, 287, 264, 278, 274, 249, 222, 274, 272, 220, 216, 227, 292, 279, 306, 305, 296, 291, 282, 261, 239, 272, 230, 212, 238, 221, 244, 415, 431, 443, 444, 445, 440, 417, 422, 443, 397, 413, 449, 443, 426, 476, 476, 522, 484, 483, 481, 468, 495, 196, 168, 174, 188, 194, 213, 209, 263, 272, 301, 301, 304, 459, 444, 440, 475, 454, 451, 465, 457, 323, 329, 310, 341, 302, 294, 532, 581, 350, 99, 399, 495, 485, 568, 221, 369, 428, 302, 219, 188, 124, 119
|253, 206, 259, 238, 218, 244, 232, 209, 362, 349, 353, 362, 343, 359, 394, 395, 405, 421, 416, 425, 397, 454, 477, 429, 467, 462, 477, 245, 280, 279, 262, 316, 27, 27, 61, 0, 15, 37, 27, 177, 214, 191, 180, 192, 156, 171, 206, 196, 256, 306, 294, 304, 287, 265, 284, 291, 287, 310, 305, 344, 312, 296, 289, 339, 316, 48, 80, 62, 75, 56, 74, 210, 258, 230, 255, 242, 223, 219, 268, 259, 217, 201, 216, 276, 267, 292, 292, 281, 269, 263, 239, 213, 249, 219, 204, 230, 217, 240, 357, 376, 386, 387, 387, 383, 360, 363, 389, 343, 361, 395, 387, 373, 416, 417, 462, 424, 424, 421, 409, 435, 141, 118, 118, 135, 139, 156, 150, 222, 234, 264, 265, 263, 423, 407, 405, 437, 420, 413, 427, 420, 267, 272, 254, 284, 244, 237, 477, 521, 300, 110, 358, 443, 428, 508, 235, 334, 375, 242, 163, 146, 108, 78
|267, 220, 273, 252, 232, 259, 246, 224, 373, 361, 365, 374, 355, 371, 401, 401, 411, 427, 422, 431, 404, 451, 474, 428, 465, 460, 474, 235, 271, 270, 252, 307, 18, 14, 54, 15, 0, 22, 33, 164, 200, 177, 166, 177, 142, 157, 192, 182, 244, 293, 281, 291, 274, 252, 271, 279, 274, 314, 309, 346, 315, 300, 293, 343, 319, 54, 93, 71, 86, 65, 85, 224, 273, 244, 269, 256, 237, 230, 280, 272, 228, 214, 228, 289, 280, 305, 305, 294, 283, 276, 253, 227, 263, 232, 216, 242, 228, 252, 369, 388, 398, 399, 399, 395, 372, 374, 402, 356, 374, 408, 400, 386, 424, 423, 469, 431, 430, 429, 416, 442, 143, 117, 121, 136, 141, 160, 155, 218, 229, 259, 260, 259, 418, 402, 399, 432, 414, 408, 422, 415, 280, 285, 266, 296, 256, 248, 480, 530, 300, 95, 354, 444, 432, 517, 221, 328, 376, 249, 176, 142, 97, 93
|289, 242, 294, 272, 253, 280, 268, 245, 390, 379, 383, 392, 373, 389, 410, 411, 421, 436, 430, 439, 415, 447, 470, 425, 462, 458, 470, 221, 257, 256, 238, 294, 25, 13, 51, 37, 22, 0, 50, 145, 180, 157, 146, 156, 121, 137, 171, 161, 225, 275, 262, 272, 254, 232, 253, 262, 255, 320, 316, 349, 320, 306, 298, 348, 324, 68, 112, 87, 104, 81, 102, 246, 294, 266, 289, 278, 258, 248, 299, 292, 246, 234, 248, 309, 299, 325, 325, 314, 304, 297, 274, 248, 284, 251, 235, 261, 247, 270, 386, 406, 416, 416, 416, 412, 390, 391, 421, 376, 394, 427, 418, 405, 434, 431, 480, 442, 439, 439, 425, 452, 148, 119, 126, 139, 146, 167, 165, 213, 223, 252, 252, 254, 410, 395, 391, 425, 406, 401, 415, 407, 298, 303, 284, 314, 273, 266, 483, 543, 300, 74, 348, 445, 437, 528, 200, 320, 379, 261, 195, 138, 81, 114
|245, 201, 247, 226, 208, 236, 226, 204, 375, 361, 366, 374, 354, 370, 416, 417, 426, 443, 438, 447, 418, 481, 504, 456, 493, 489, 504, 268, 304, 303, 285, 340, 27, 46, 46, 27, 33, 50, 0, 174, 215, 190, 177, 197, 158, 172, 209, 198, 274, 324, 312, 321, 303, 281, 302, 311, 305, 334, 329, 369, 338, 320, 313, 364, 341, 72, 93, 84, 92, 77, 92, 202, 249, 224, 243, 235, 212, 199, 249, 243, 197, 186, 199, 261, 251, 276, 276, 266, 257, 250, 227, 202, 237, 202, 185, 212, 197, 221, 370, 386, 398, 399, 401, 395, 372, 378, 398, 351, 368, 404, 398, 381, 437, 439, 483, 445, 446, 442, 431, 457, 167, 144, 144, 162, 165, 180, 174, 249, 261, 290, 291, 290, 449, 433, 431, 463, 446, 439, 454, 446, 277, 284, 265, 297, 258, 250, 503, 539, 327, 121, 385, 469, 452, 528, 247, 360, 401, 263, 174, 173, 129, 75
|415, 373, 409, 390, 375, 404, 397, 375, 534, 523, 527, 536, 517, 533, 538, 540, 550, 563, 555, 564, 546, 514, 538, 503, 539, 536, 536, 245, 279, 279, 255, 312, 153, 157, 131, 177, 164, 145, 174, 0, 49, 24, 8, 61, 39, 26, 56, 40, 198, 238, 224, 236, 211, 191, 224, 245, 224, 439, 437, 457, 432, 426, 417, 464, 438, 211, 256, 230, 248, 225, 246, 372, 417, 394, 406, 405, 378, 340, 392, 395, 338, 342, 350, 417, 403, 429, 427, 420, 419, 409, 390, 369, 400, 353, 334, 360, 341, 363, 529, 551, 560, 560, 559, 556, 534, 534, 565, 520, 537, 571, 563, 549, 565, 556, 610, 572, 566, 571, 553, 581, 271, 239, 255, 261, 269, 297, 298, 294, 295, 317, 313, 331, 461, 448, 440, 479, 450, 455, 468, 459, 443, 447, 428, 458, 417, 409, 586, 678, 397, 99, 415, 542, 551, 662, 139, 372, 481, 395, 339, 235, 149, 248
|458, 415, 455, 435, 420, 448, 440, 418, 563, 554, 557, 567, 549, 564, 554, 556, 566, 577, 569, 578, 563, 503, 528, 497, 531, 530, 525, 231, 262, 262, 237, 292, 192, 191, 175, 214, 200, 180, 215, 49, 0, 27, 43, 41, 59, 44, 21, 20, 171, 205, 191, 202, 178, 159, 194, 217, 193, 451, 450, 463, 442, 439, 430, 474, 448, 243, 291, 262, 282, 258, 279, 416, 461, 438, 452, 448, 423, 388, 440, 442, 386, 388, 397, 463, 450, 476, 474, 467, 465, 455, 435, 414, 446, 400, 381, 407, 388, 411, 558, 583, 591, 590, 588, 585, 565, 561, 598, 554, 572, 604, 595, 583, 582, 570, 626, 589, 581, 588, 569, 596, 290, 258, 276, 280, 288, 317, 321, 295, 293, 312, 307, 329, 446, 435, 425, 465, 434, 442, 454, 444, 476, 480, 460, 488, 448, 440, 589, 699, 401, 120, 407, 543, 559, 680, 107, 360, 485, 417, 373, 246, 163, 289
|433, 390, 429, 409, 394, 423, 415, 393, 543, 534, 537, 546, 528, 544, 541, 542, 552, 564, 557, 566, 549, 504, 528, 495, 530, 528, 526, 233, 266, 265, 241, 298, 168, 169, 149, 191, 177, 157, 190, 24, 27, 0, 17, 43, 39, 22, 33, 18, 180, 219, 205, 216, 192, 172, 205, 227, 205, 439, 438, 455, 432, 427, 418, 464, 437, 222, 269, 241, 260, 237, 257, 390, 436, 412, 426, 423, 397, 362, 414, 416, 360, 362, 371, 437, 424, 450, 448, 441, 439, 429, 409, 388, 420, 374, 355, 381, 362, 385, 539, 562, 570, 570, 569, 566, 544, 542, 577, 532, 550, 583, 574, 562, 568, 558, 613, 575, 568, 574, 556, 583, 275, 242, 260, 265, 273, 301, 304, 289, 288, 310, 305, 324, 449, 437, 428, 467, 437, 444, 456, 447, 454, 459, 439, 468, 428, 420, 582, 683, 393, 102, 406, 537, 550, 666, 120, 361, 478, 401, 351, 235, 150, 264
|419, 376, 414, 394, 380, 408, 401, 379, 534, 525, 528, 537, 519, 534, 537, 538, 549, 561, 554, 563, 544, 509, 533, 498, 534, 532, 531, 240, 273, 273, 249, 306, 156, 158, 135, 180, 166, 146, 177, 8, 43, 17, 0, 54, 36, 21, 48, 33, 191, 231, 217, 229, 204, 184, 217, 238, 217, 437, 435, 454, 430, 424, 415, 462, 436, 213, 258, 232, 250, 227, 247, 376, 421, 398, 411, 409, 383, 346, 398, 400, 344, 347, 355, 422, 408, 434, 433, 425, 424, 414, 394, 373, 405, 358, 340, 365, 346, 369, 530, 552, 561, 561, 560, 557, 535, 534, 567, 522, 540, 573, 564, 551, 564, 555, 609, 571, 564, 569, 552, 579, 270, 238, 254, 260, 268, 296, 298, 290, 291, 313, 309, 327, 455, 443, 434, 474, 444, 450, 463, 453, 444, 449, 430, 459, 418, 411, 583, 678, 394, 98, 410, 539, 549, 661, 132, 366, 478, 395, 341, 233, 147, 251
|441, 396, 441, 421, 404, 432, 422, 399, 530, 522, 525, 535, 518, 533, 515, 517, 527, 538, 530, 539, 525, 464, 488, 457, 492, 489, 486, 192, 224, 224, 199, 256, 172, 166, 162, 192, 177, 156, 197, 61, 41, 43, 54, 0, 42, 39, 22, 27, 138, 178, 163, 175, 150, 130, 163, 185, 163, 411, 411, 423, 402, 399, 391, 435, 408, 215, 264, 234, 254, 230, 250, 398, 445, 419, 438, 431, 408, 381, 433, 433, 379, 377, 388, 453, 441, 467, 466, 457, 452, 443, 422, 398, 432, 391, 373, 399, 381, 404, 526, 552, 559, 558, 555, 553, 533, 528, 568, 525, 544, 574, 564, 554, 544, 531, 588, 551, 542, 550, 530, 558, 253, 221, 241, 243, 252, 281, 286, 255, 252, 272, 267, 288, 408, 396, 386, 427, 396, 403, 416, 406, 446, 450, 430, 457, 417, 409, 548, 661, 360, 88, 367, 502, 519, 642, 78, 321, 444, 381, 344, 207, 127, 269
|403, 358, 402, 381, 365, 393, 384, 361, 505, 496, 499, 508, 490, 506, 502, 504, 514, 526, 519, 528, 510, 475, 499, 464, 500, 497, 497, 208, 243, 243, 218, 277, 134, 133, 121, 156, 142, 121, 158, 39, 59, 39, 36, 42, 0, 18, 51, 41, 167, 211, 197, 208, 185, 163, 194, 214, 195, 402, 400, 418, 395, 389, 380, 427, 400, 184, 232, 204, 223, 199, 220, 360, 407, 381, 398, 393, 369, 340, 392, 392, 338, 337, 347, 412, 400, 426, 425, 416, 412, 403, 382, 359, 392, 350, 332, 358, 340, 363, 500, 524, 532, 532, 530, 527, 506, 504, 539, 495, 514, 545, 536, 525, 530, 520, 574, 537, 530, 535, 518, 545, 236, 204, 221, 226, 235, 262, 265, 255, 256, 279, 274, 292, 423, 410, 402, 441, 413, 417, 430, 421, 417, 421, 402, 430, 390, 382, 547, 645, 358, 64, 376, 503, 513, 627, 114, 334, 442, 362, 314, 197, 112, 232
|416, 372, 413, 393, 377, 405, 397, 375, 522, 513, 516, 525, 507, 523, 520, 521, 532, 544, 536, 545, 528, 489, 513, 478, 514, 512, 511, 219, 254, 253, 229, 287, 149, 148, 133, 171, 157, 137, 172, 26, 44, 22, 21, 39, 18, 0, 41, 27, 173, 215, 201, 212, 188, 167, 199, 220, 200, 419, 417, 435, 412, 406, 398, 444, 417, 201, 248, 220, 239, 216, 236, 373, 419, 395, 410, 405, 381, 349, 401, 401, 347, 347, 356, 422, 409, 436, 434, 426, 423, 414, 393, 371, 404, 359, 341, 367, 349, 372, 518, 541, 549, 549, 547, 544, 523, 521, 556, 511, 530, 562, 553, 541, 547, 537, 592, 554, 547, 553, 535, 562, 254, 221, 238, 243, 252, 280, 283, 271, 271, 293, 288, 307, 435, 423, 414, 454, 424, 430, 443, 433, 434, 438, 418, 447, 406, 399, 563, 662, 375, 81, 390, 519, 530, 645, 116, 346, 459, 379, 330, 214, 129, 246
|454, 409, 452, 432, 416, 444, 435, 412, 549, 541, 545, 554, 537, 552, 537, 538, 549, 560, 552, 560, 546, 483, 508, 477, 512, 510, 505, 211, 242, 242, 217, 272, 185, 182, 172, 206, 192, 171, 209, 56, 21, 33, 48, 22, 51, 41, 0, 16, 152, 188, 174, 185, 161, 141, 176, 199, 175, 433, 432, 445, 424, 421, 412, 456, 429, 232, 281, 251, 271, 247, 268, 411, 457, 432, 449, 444, 419, 389, 441, 441, 387, 387, 396, 462, 449, 475, 474, 466, 462, 453, 432, 410, 443, 399, 381, 407, 389, 412, 545, 571, 578, 578, 575, 572, 552, 548, 587, 543, 562, 593, 583, 572, 565, 552, 609, 572, 563, 571, 552, 579, 274, 242, 261, 264, 273, 302, 306, 276, 273, 293, 287, 309, 426, 415, 405, 445, 414, 422, 434, 424, 464, 468, 448, 476, 436, 428, 569, 682, 382, 106, 387, 523, 541, 664, 89, 340, 466, 402, 362, 229, 147, 282
|442, 398, 439, 419, 404, 432, 423, 401, 544, 535, 538, 548, 530, 545, 535, 537, 547, 559, 551, 560, 544, 490, 515, 482, 518, 516, 512, 218, 251, 251, 226, 282, 174, 173, 159, 196, 182, 161, 198, 40, 20, 18, 33, 27, 41, 27, 16, 0, 163, 201, 187, 199, 174, 154, 188, 210, 188, 433, 432, 446, 424, 421, 412, 457, 430, 224, 272, 244, 263, 239, 260, 399, 445, 421, 436, 432, 407, 375, 426, 428, 373, 373, 383, 449, 436, 462, 460, 452, 450, 440, 420, 398, 430, 386, 367, 393, 375, 398, 539, 564, 572, 571, 569, 566, 546, 542, 579, 535, 554, 585, 576, 565, 564, 552, 608, 570, 562, 569, 551, 578, 271, 239, 257, 261, 270, 298, 302, 279, 277, 298, 293, 313, 434, 423, 413, 453, 423, 430, 442, 433, 457, 461, 441, 469, 429, 421, 572, 680, 384, 100, 393, 527, 542, 662, 102, 347, 468, 398, 354, 228, 145, 271
|501, 452, 513, 492, 470, 495, 479, 456, 520, 519, 520, 531, 517, 530, 460, 463, 473, 478, 469, 476, 474, 346, 370, 347, 379, 378, 366, 82, 101, 101, 79, 125, 248, 230, 257, 256, 244, 225, 274, 198, 171, 180, 191, 138, 167, 173, 152, 163, 0, 50, 39, 48, 35, 22, 29, 48, 32, 352, 355, 347, 335, 343, 334, 368, 342, 254, 305, 269, 290, 269, 285, 459, 509, 477, 508, 490, 475, 472, 523, 515, 470, 457, 471, 532, 522, 547, 548, 536, 523, 518, 493, 465, 502, 475, 458, 485, 471, 494, 516, 551, 552, 550, 543, 543, 528, 514, 572, 535, 555, 577, 564, 562, 493, 470, 532, 498, 483, 498, 475, 501, 238, 215, 238, 229, 237, 266, 277, 182, 170, 177, 168, 199, 283, 274, 262, 303, 268, 281, 292, 282, 456, 457, 437, 457, 420, 414, 456, 614, 280, 158, 255, 407, 442, 591, 65, 203, 360, 355, 367, 179, 150, 330
|550, 500, 562, 541, 519, 544, 527, 504, 557, 557, 559, 569, 557, 569, 485, 488, 498, 501, 491, 498, 500, 340, 363, 347, 376, 376, 359, 105, 107, 108, 93, 117, 298, 280, 306, 306, 293, 275, 324, 238, 205, 219, 231, 178, 211, 215, 188, 201, 50, 0, 15, 3, 28, 49, 23, 35, 20, 378, 381, 366, 359, 370, 361, 391, 366, 302, 353, 317, 338, 317, 333, 508, 558, 525, 558, 539, 525, 522, 573, 565, 520, 507, 521, 581, 572, 597, 598, 586, 572, 567, 543, 515, 552, 525, 508, 535, 521, 544, 554, 590, 590, 588, 579, 581, 567, 550, 612, 576, 597, 617, 603, 603, 518, 492, 556, 523, 505, 524, 499, 524, 279, 259, 282, 271, 279, 306, 319, 210, 195, 194, 185, 219, 272, 266, 252, 292, 255, 272, 281, 271, 498, 498, 479, 498, 462, 455, 465, 640, 299, 208, 258, 415, 459, 615, 100, 204, 374, 391, 413, 220, 199, 380
